Date/Time	Green Algae	Bluegreen	Diatoms	Cryptophyta	#5	#6	#7	Yellow substances	Total conc.	Transmission	Depth	Temp. Sample	Green Algae	Bluegreen	Diatoms	Cryptophyta	#5	#6	#7	Yellow substances	Total cell count	Trans. 700 nm	LED 3 [525 nm]	LED 4 [570 nm]	LED 5 [610 nm]	LED 6 [370 nm]	LED 7 [590 nm]	LED 8 [470 nm]	Pressure	Temp. LEDs	Temp. Sensor
date	µg/l	µg/l	µg/l	µg/l	µg/l	µg/l	µg/l	r.u.	µg/l	%	m	°C	cells/ml	cells/ml	cells/ml	cells/ml	cells/ml	cells/ml	cells/ml	r.u.	cells/ml	digits	digits	digits	digits	digits	digits	digits	bar	°C	°C
2/8/2019 12:20:58 PM	1.58	0.02	2.41	0.82	0.00	0.00	0.00	0.36	4.83	100.00	0.27	6.51	840	25	1083	25	0	0	0	0	1972	174.37	10.62	2.58	7.01	11.42	10.40	21.76	1.03	35.31	11.21
2/8/2019 12:21:00 PM	2.61	0.14	2.31	0.56	0.00	0.00	0.00	0.26	5.63	99.72	0.27	6.41	1383	144	1041	17	0	0	0	0	2584	173.81	10.02	2.92	7.88	11.38	10.30	22.79	1.03	35.33	11.22
2/8/2019 12:21:02 PM	2.28	0.00	2.38	0.80	0.00	0.00	0.00	0.33	5.46	99.65	0.28	7.04	1207	0	1071	24	0	0	0	0	2302	173.69	10.71	3.50	7.30	11.97	10.48	23.64	1.03	35.33	11.21
2/8/2019 12:21:05 PM	3.68	0.00	2.15	0.39	0.00	0.00	0.00	0.22	6.22	100.00	0.28	7.57	1953	0	966	12	0	0	0	0	2930	174.57	9.49	2.15	7.12	11.76	10.12	24.43	1.03	35.33	11.23
2/8/2019 12:21:07 PM	2.83	0.00	2.53	0.47	0.00	0.00	0.00	0.25	5.83	100.00	0.29	8.26	1500	0	1139	14	0	0	0	0	2653	174.47	10.28	2.00	6.95	11.67	10.31	23.97	1.03	35.36	11.30
2/8/2019 12:21:10 PM	2.83	0.02	2.35	0.64	0.00	0.00	0.00	0.29	5.85	99.80	0.31	8.97	1502	19	1059	19	0	0	0	0	2600	173.95	10.45	3.12	7.79	12.12	10.24	24.22	1.03	35.41	11.25
2/8/2019 12:21:12 PM	2.06	0.01	2.68	0.68	0.00	0.00	0.00	0.33	5.43	100.00	0.37	8.06	1090	7	1207	20	0	0	0	0	2325	174.87	11.01	2.86	7.39	11.99	10.27	23.63	1.04	35.41	11.24
2/8/2019 12:21:14 PM	3.43	0.00	2.56	0.61	0.00	0.00	0.00	0.17	6.60	99.21	0.46	6.79	1817	0	1151	18	0	0	0	0	2987	172.91	10.75	4.15	8.04	11.97	10.48	26.07	1.04	35.47	11.24
2/8/2019 12:21:17 PM	3.48	0.00	2.71	0.58	0.00	0.00	0.00	0.13	6.77	100.00	0.51	7.20	1846	0	1219	17	0	0	0	0	3083	174.92	10.97	3.49	7.89	11.80	10.92	26.43	1.05	35.43	11.30
2/8/2019 12:21:19 PM	2.45	0.24	3.19	0.20	0.00	0.00	0.00	0.31	6.08	99.54	0.54	6.76	1299	238	1436	6	0	0	0	0	2980	173.49	11.12	2.43	8.05	12.62	10.37	24.99	1.05	35.46	11.31
2/8/2019 12:21:22 PM	3.04	0.32	3.43	0.00	0.00	0.00	0.00	0.21	6.80	100.00	0.54	5.68	1613	323	1545	0	0	0	0	0	3481	175.29	11.34	1.95	9.27	12.59	10.08	26.31	1.05	35.46	11.30
2/8/2019 12:21:24 PM	2.62	0.15	3.15	0.57	0.00	0.00	0.00	0.21	6.50	100.00	0.59	6.52	1390	149	1419	17	0	0	0	0	2976	174.36	11.95	3.00	8.64	12.34	11.41	26.17	1.06	35.46	11.30
2/8/2019 12:21:26 PM	3.59	0.00	2.43	0.69	0.00	0.00	0.00	0.25	6.71	99.41	0.61	7.88	1900	0	1094	21	0	0	0	0	3015	173.27	11.10	3.32	8.36	12.92	11.14	26.87	1.06	35.45	11.29
2/8/2019 12:21:29 PM	2.78	0.00	2.94	0.79	0.00	0.00	0.00	0.24	6.52	99.90	0.64	8.73	1474	0	1324	24	0	0	0	0	2822	174.12	12.05	3.70	7.83	12.65	11.68	27.04	1.06	35.46	11.31
2/8/2019 12:21:31 PM	3.70	0.20	3.01	0.25	0.00	0.00	0.00	0.34	7.16	99.61	0.67	9.11	1962	199	1354	7	0	0	0	0	3522	173.61	11.65	2.04	8.65	14.41	11.58	28.62	1.07	35.46	11.31
2/8/2019 12:21:33 PM	1.88	0.32	3.78	0.33	0.00	0.00	0.00	0.38	6.31	99.78	0.70	9.34	997	317	1701	10	0	0	0	0	3024	173.92	12.83	3.11	8.95	13.80	11.28	26.90	1.07	35.46	11.32
2/8/2019 12:21:36 PM	2.27	0.00	2.75	1.08	0.00	0.00	0.00	0.35	6.10	99.53	0.74	9.55	1201	0	1239	33	0	0	0	0	2472	173.47	12.52	4.05	8.21	13.28	12.09	26.68	1.07	35.46	11.30
2/8/2019 12:21:38 PM	2.95	0.00	2.62	0.77	0.00	0.00	0.00	0.32	6.34	99.85	0.77	10.02	1565	0	1178	23	0	0	0	0	2766	174.04	11.57	3.69	8.11	13.21	11.14	26.65	1.08	35.46	11.30
2/8/2019 12:21:41 PM	3.24	0.01	2.85	0.92	0.00	0.00	0.00	0.24	7.02	100.00	0.81	10.58	1716	7	1284	28	0	0	0	0	3035	175.24	12.67	3.43	9.09	13.54	12.36	28.58	1.08	35.46	11.31
2/8/2019 12:21:43 PM	3.07	0.00	3.58	0.51	0.00	0.00	0.00	0.13	7.16	99.77	0.83	10.49	1628	0	1610	15	0	0	0	0	3254	173.89	12.63	3.78	8.43	12.65	11.16	28.65	1.08	35.46	11.31
2/8/2019 12:21:45 PM	3.38	0.00	2.92	0.87	0.00	0.00	0.00	0.23	7.17	99.23	0.86	10.11	1793	0	1314	26	0	0	0	0	3133	172.96	12.73	2.84	8.73	13.64	12.73	29.06	1.08	35.45	11.32
2/8/2019 12:21:48 PM	2.38	0.39	4.08	0.08	0.00	0.00	0.00	0.25	6.93	100.00	0.89	9.89	1262	388	1837	2	0	0	0	0	3490	174.48	12.76	3.20	9.43	13.31	11.13	27.71	1.09	35.45	11.34
2/8/2019 12:21:50 PM	3.65	0.00	3.54	0.21	0.00	0.00	0.00	0.11	7.40	100.00	0.92	9.58	1934	0	1592	6	0	0	0	0	3533	175.59	11.93	2.36	7.70	12.64	11.03	28.85	1.09	35.43	11.32
2/8/2019 12:21:52 PM	1.93	0.00	2.33	1.22	0.00	0.00	0.00	0.65	5.49	100.00	0.95	9.17	1025	0	1050	37	0	0	0	0	2112	175.77	12.31	4.74	6.49	15.23	12.65	27.15	1.09	35.41	11.31
2/8/2019 12:21:55 PM	4.00	0.03	2.05	0.63	0.00	0.00	0.00	0.45	6.70	99.50	0.98	9.02	2120	27	922	19	0	0	0	0	3087	173.42	10.77	3.74	8.76	14.85	10.68	27.83	1.10	35.40	11.32
2/8/2019 12:21:57 PM	3.99	0.00	2.59	0.66	0.00	0.00	0.00	0.28	7.24	100.00	1.03	8.41	2115	0	1166	20	0	0	0	0	3302	174.52	11.66	2.98	8.02	13.96	12.13	29.12	1.10	35.37	11.30
2/8/2019 12:22:00 PM	2.10	0.51	4.11	0.00	0.00	0.00	0.00	0.27	6.72	100.00	1.04	7.62	1112	513	1848	0	0	0	0	0	3473	175.06	12.73	2.05	10.02	13.17	10.90	26.80	1.10	35.34	11.30
2/8/2019 12:22:02 PM	3.23	0.00	2.39	0.84	0.00	0.00	0.00	0.26	6.46	100.00	1.10	7.81	1713	0	1074	25	0	0	0	0	2813	174.91	11.30	3.55	8.57	12.76	11.26	26.28	1.11	35.33	11.30
2/8/2019 12:22:04 PM	3.56	0.42	2.47	0.18	0.00	0.00	0.00	0.33	6.63	99.92	1.15	8.15	1887	417	1113	5	0	0	0	0	3422	174.15	10.13	3.55	9.47	13.29	10.56	25.52	1.11	35.28	11.27
2/8/2019 12:22:07 PM	2.14	0.32	2.97	0.17	0.00	0.00	0.00	0.48	5.59	100.00	1.20	7.82	1136	315	1336	5	0	0	0	0	2792	174.57	10.78	2.69	8.04	13.52	9.98	24.25	1.12	35.23	11.30
2/8/2019 12:22:09 PM	1.26	0.56	4.21	0.00	0.00	0.00	0.00	0.27	6.03	99.62	1.25	7.81	670	561	1893	0	0	0	0	0	3124	173.64	12.41	2.84	9.50	12.17	10.51	24.56	1.12	35.16	11.34
2/8/2019 12:22:11 PM	3.90	0.00	2.31	0.66	0.00	0.00	0.00	0.23	6.88	99.98	1.28	8.55	2069	0	1041	20	0	0	0	0	3130	174.26	10.80	3.91	8.42	12.96	10.91	27.18	1.13	35.14	11.28
2/8/2019 12:22:14 PM	3.08	0.32	2.87	0.47	0.00	0.00	0.00	0.35	6.74	99.31	1.32	8.97	1635	316	1291	14	0	0	0	0	3256	173.09	11.73	3.03	9.33	13.87	11.89	27.12	1.13	35.09	11.29
2/8/2019 12:22:16 PM	3.77	0.00	1.98	0.75	0.00	0.00	0.00	0.36	6.50	99.40	1.35	8.80	1998	0	891	22	0	0	0	0	2912	173.25	10.48	3.65	7.52	13.59	11.35	26.83	1.13	35.06	11.28
2/8/2019 12:22:19 PM	2.73	0.11	3.21	0.16	0.00	0.00	0.00	0.36	6.21	100.00	1.38	8.64	1445	111	1445	5	0	0	0	0	3006	174.50	11.31	1.30	7.26	13.37	10.58	26.16	1.14	35.01	11.28
2/8/2019 12:22:21 PM	2.55	0.02	2.82	0.89	0.00	0.00	0.00	0.20	6.28	99.54	1.41	8.72	1350	21	1270	27	0	0	0	0	2668	173.49	12.00	2.89	8.29	12.04	11.85	25.75	1.14	34.95	11.28
2/8/2019 12:22:23 PM	3.53	0.15	2.01	0.97	0.00	0.00	0.00	0.23	6.66	100.00	1.44	8.67	1871	150	903	29	0	0	0	0	2953	174.94	11.05	3.30	9.22	12.57	12.47	25.94	1.14	34.90	11.26
2/8/2019 12:22:26 PM	2.13	0.24	3.99	0.20	0.00	0.00	0.00	0.09	6.56	100.00	1.48	8.67	1127	243	1796	6	0	0	0	0	3172	174.47	12.21	3.47	8.82	11.22	10.37	25.66	1.15	34.84	11.26
2/8/2019 12:22:28 PM	3.23	0.00	2.37	0.83	0.00	0.00	0.00	0.29	6.43	99.78	1.52	8.55	1711	0	1065	25	0	0	0	0	2801	173.90	11.29	2.96	7.85	13.00	11.80	26.51	1.15	34.82	11.23
2/8/2019 12:22:30 PM	3.46	0.00	2.98	0.49	0.00	0.00	0.00	0.19	6.94	100.00	1.58	8.24	1834	0	1343	15	0	0	0	0	3191	175.43	11.35	4.57	7.68	12.64	10.65	27.81	1.15	34.75	11.27
2/8/2019 12:22:33 PM	3.14	0.00	2.92	0.52	0.00	0.00	0.00	0.31	6.59	100.00	1.64	7.98	1666	0	1315	16	0	0	0	0	2997	174.69	11.65	3.05	8.04	13.48	10.78	27.37	1.16	34.71	11.21
2/8/2019 12:22:35 PM	2.39	0.00	3.21	0.84	0.00	0.00	0.00	0.24	6.44	99.74	1.71	7.88	1268	0	1443	25	0	0	0	0	2736	173.83	12.74	3.20	8.32	12.77	11.83	27.08	1.17	34.64	11.20
2/8/2019 12:22:38 PM	3.92	0.00	2.33	0.76	0.00	0.00	0.00	0.18	7.01	99.83	1.78	7.97	2077	0	1050	23	0	0	0	0	3150	174.00	11.11	2.93	8.37	12.62	11.88	27.29	1.17	34.58	11.19
2/8/2019 12:22:40 PM	2.65	0.00	2.46	0.99	0.00	0.00	0.00	0.32	6.09	99.99	1.85	7.99	1405	0	1106	30	0	0	0	0	2541	174.28	11.77	3.20	8.25	12.97	11.79	25.90	1.18	34.52	11.19
2/8/2019 12:22:42 PM	3.40	0.00	2.72	0.60	0.00	0.00	0.00	0.24	6.72	99.89	1.89	7.33	1802	0	1226	18	0	0	0	0	3046	174.10	11.33	3.20	7.85	12.87	11.17	27.17	1.19	34.45	11.23
2/8/2019 12:22:45 PM	3.19	0.00	2.75	0.67	0.00	0.00	0.00	0.40	6.61	100.00	1.94	6.84	1692	0	1237	20	0	0	0	0	2949	174.60	11.95	3.09	8.11	14.40	11.40	28.15	1.19	34.37	11.21
2/8/2019 12:22:47 PM	3.20	0.00	3.21	0.55	0.00	0.00	0.00	0.22	6.97	100.00	1.99	7.20	1696	0	1446	17	0	0	0	0	3158	174.97	12.26	3.04	8.35	13.20	11.31	28.26	1.20	34.34	11.16
2/8/2019 12:22:49 PM	2.43	0.00	3.45	0.69	0.00	0.00	0.00	0.37	6.57	100.00	2.08	6.92	1286	0	1553	21	0	0	0	0	2860	174.88	13.21	3.29	8.41	14.34	11.49	28.65	1.20	34.27	11.15
2/8/2019 12:22:52 PM	3.17	0.08	3.64	0.37	0.00	0.00	0.00	0.24	7.26	100.00	2.16	6.32	1678	79	1640	11	0	0	0	0	3409	174.55	12.83	3.09	8.87	13.85	11.25	29.40	1.21	34.22	11.15
2/8/2019 12:22:54 PM	3.01	0.00	3.13	0.85	0.00	0.00	0.00	0.32	6.99	99.80	2.22	7.02	1596	0	1407	25	0	0	0	0	3029	173.95	13.09	4.16	9.21	14.33	11.81	29.35	1.22	34.11	11.17
2/8/2019 12:22:57 PM	2.52	0.24	3.94	0.34	0.00	0.00	0.00	0.24	7.04	99.84	2.28	7.59	1337	241	1772	10	0	0	0	0	3360	174.02	13.21	3.07	9.22	13.52	11.69	28.57	1.22	34.06	11.15
2/8/2019 12:22:59 PM	2.43	0.45	4.01	0.00	0.00	0.00	0.00	0.37	6.89	99.85	2.34	7.47	1289	450	1802	0	0	0	0	0	3542	174.04	12.82	2.23	9.33	14.43	11.51	28.22	1.23	33.97	11.14
2/8/2019 12:23:01 PM	3.01	0.00	3.77	0.61	0.00	0.00	0.00	0.27	7.39	99.95	2.39	7.31	1596	0	1697	18	0	0	0	0	3311	174.21	13.76	3.58	8.84	14.51	11.94	30.81	1.23	33.90	11.22
2/8/2019 12:23:04 PM	3.97	0.00	3.25	0.63	0.00	0.00	0.00	0.21	7.85	100.00	2.48	7.52	2106	0	1464	19	0	0	0	0	3588	174.81	12.98	3.50	9.09	14.36	12.27	31.20	1.24	33.83	11.11
2/8/2019 12:23:06 PM	3.45	0.00	3.51	0.56	0.00	0.00	0.00	0.30	7.52	100.00	2.55	7.67	1827	0	1580	17	0	0	0	0	3424	175.01	13.32	3.22	8.66	14.86	12.04	31.07	1.25	33.78	11.14
2/8/2019 12:23:08 PM	4.61	0.00	2.81	0.58	0.00	0.00	0.00	0.24	8.00	100.00	2.63	7.29	2445	0	1263	17	0	0	0	0	3725	175.09	12.23	3.09	8.88	14.73	12.36	31.35	1.26	33.72	11.09
2/8/2019 12:23:11 PM	3.98	0.28	3.77	0.40	0.00	0.00	0.00	0.21	8.43	100.00	2.67	6.65	2112	282	1695	12	0	0	0	0	4101	174.63	13.80	3.31	10.57	15.16	13.13	32.54	1.26	33.63	11.16
2/8/2019 12:23:13 PM	4.04	0.00	3.71	0.66	0.00	0.00	0.00	0.27	8.41	100.00	2.74	6.79	2140	0	1667	20	0	0	0	0	3828	174.79	14.38	4.09	9.97	15.94	12.74	34.03	1.27	33.59	11.08
2/8/2019 12:23:16 PM	5.02	0.00	4.19	0.54	0.00	0.00	0.00	0.15	9.75	100.00	2.80	7.13	2659	0	1887	16	0	0	0	0	4562	174.73	15.41	3.97	10.41	16.72	13.94	37.95	1.27	33.47	11.17
2/8/2019 12:23:18 PM	3.67	0.00	4.76	0.44	0.00	0.00	0.00	0.19	8.87	100.00	2.87	7.01	1947	0	2143	13	0	0	0	0	4103	174.78	15.80	3.49	9.67	16.04	13.16	35.97	1.28	33.41	11.11
2/8/2019 12:23:20 PM	4.11	0.00	4.71	0.37	0.00	0.00	0.00	0.21	9.19	100.00	2.92	6.75	2176	0	2119	11	0	0	0	0	4307	174.79	15.76	3.89	10.21	16.66	12.85	36.93	1.29	33.35	11.03
2/8/2019 12:23:23 PM	4.89	0.00	4.63	0.12	0.00	0.00	0.00	0.00	9.64	100.00	2.96	6.57	2589	0	2085	4	0	0	0	0	4678	174.52	14.73	3.16	10.18	14.94	12.39	36.26	1.29	33.26	11.03
2/8/2019 12:23:25 PM	5.07	0.00	5.53	0.00	0.00	0.00	0.00	0.00	10.60	100.00	2.98	6.82	2687	0	2489	0	0	0	0	0	5176	174.78	16.45	4.03	10.21	16.37	13.05	40.57	1.29	33.21	11.02
2/8/2019 12:23:27 PM	4.99	0.00	5.45	0.01	0.00	0.00	0.00	0.12	10.44	99.82	3.03	7.40	2643	0	2451	0	0	0	0	0	5094	173.98	16.57	3.74	9.95	17.46	13.39	40.82	1.30	33.13	11.02
2/8/2019 12:23:30 PM	4.98	0.00	5.46	0.11	0.00	0.00	0.00	0.12	10.55	100.00	3.09	7.59	2638	0	2456	3	0	0	0	0	5097	174.98	16.94	4.36	10.61	17.76	13.41	41.31	1.30	33.05	10.96
2/8/2019 12:23:32 PM	4.20	0.00	5.15	0.34	0.00	0.00	0.00	0.21	9.69	100.00	3.13	7.52	2225	0	2318	10	0	0	0	0	4553	175.30	16.77	3.91	10.43	17.50	13.46	39.09	1.31	32.94	11.03
2/8/2019 12:23:35 PM	3.73	0.00	5.19	0.48	0.00	0.00	0.00	0.23	9.40	100.00	3.17	7.46	1978	0	2335	14	0	0	0	0	4327	174.63	16.97	4.21	9.79	17.21	13.93	38.62	1.31	32.91	10.96
2/8/2019 12:23:37 PM	4.09	0.00	5.35	0.30	0.00	0.00	0.00	0.12	9.74	99.43	3.22	7.51	2168	0	2407	9	0	0	0	0	4584	173.29	16.83	4.11	10.79	16.67	13.08	38.62	1.32	32.84	10.96
2/8/2019 12:23:39 PM	4.42	0.00	5.39	0.35	0.00	0.00	0.00	0.25	10.15	100.00	3.25	7.34	2341	0	2425	10	0	0	0	0	4777	174.73	17.63	3.35	10.63	18.56	14.36	41.14	1.32	32.74	10.94
2/8/2019 12:23:42 PM	4.46	0.00	5.64	0.23	0.00	0.00	0.00	0.12	10.32	100.00	3.26	7.26	2362	0	2537	7	0	0	0	0	4906	175.12	17.46	3.43	10.14	17.43	14.26	40.88	1.32	32.68	11.04
2/8/2019 12:23:44 PM	4.30	0.00	5.59	0.37	0.00	0.00	0.00	0.20	10.26	100.00	3.31	7.50	2280	0	2515	11	0	0	0	0	4806	174.90	17.88	4.16	10.54	18.23	14.38	41.46	1.32	32.62	10.90
2/8/2019 12:23:46 PM	4.93	0.00	5.36	0.42	0.00	0.00	0.00	0.20	10.72	99.85	3.35	7.39	2614	0	2413	13	0	0	0	0	5039	174.04	17.75	4.75	10.35	18.76	15.01	42.89	1.33	32.50	10.96
2/8/2019 12:23:49 PM	4.65	0.00	5.78	0.36	0.00	0.00	0.00	0.21	10.79	100.00	3.43	7.10	2462	0	2602	11	0	0	0	0	5076	174.32	18.62	4.07	11.44	19.17	14.73	43.35	1.34	32.47	10.89
2/8/2019 12:23:51 PM	5.50	0.00	6.14	0.25	0.00	0.00	0.00	0.11	11.89	100.00	3.50	6.78	2917	0	2762	8	0	0	0	0	5687	175.23	19.37	4.37	12.26	19.86	15.24	46.44	1.34	32.35	10.92
2/8/2019 12:23:54 PM	5.28	0.00	7.41	0.23	0.00	0.00	0.00	0.03	12.92	100.00	3.56	6.16	2796	0	3336	7	0	0	0	0	6139	174.41	21.93	4.63	12.51	20.70	16.77	50.66	1.35	32.26	10.87
2/8/2019 12:23:56 PM	4.87	0.00	7.18	0.13	0.00	0.00	0.00	0.11	12.19	100.00	3.62	6.08	2583	0	3233	4	0	0	0	0	5819	174.78	21.03	4.78	12.06	20.42	15.50	48.54	1.35	32.22	10.86
2/8/2019 12:23:58 PM	4.94	0.00	6.86	0.29	0.00	0.00	0.00	0.21	12.09	100.00	3.69	6.29	2618	0	3085	9	0	0	0	0	5712	174.60	21.14	4.27	12.30	21.32	16.10	48.78	1.36	32.14	10.81
2/8/2019 12:24:01 PM	5.21	0.00	6.47	0.23	0.00	0.00	0.00	0.15	11.91	100.00	3.76	6.40	2764	0	2912	7	0	0	0	0	5682	174.88	19.95	4.48	11.82	20.25	15.53	47.24	1.37	32.03	10.85
2/8/2019 12:24:03 PM	5.85	0.00	7.19	0.20	0.00	0.00	0.00	0.03	13.23	100.00	3.80	6.49	3098	0	3236	6	0	0	0	0	6340	174.62	21.68	4.78	13.37	21.14	16.42	51.23	1.37	31.96	10.83
2/8/2019 12:24:05 PM	4.91	0.00	7.69	0.20	0.00	0.00	0.00	0.14	12.80	100.00	3.85	6.60	2603	0	3460	6	0	0	0	0	6070	174.65	22.70	3.94	12.92	21.81	16.73	51.30	1.38	31.92	10.82
2/8/2019 12:24:08 PM	5.65	0.00	7.23	0.21	0.00	0.00	0.00	0.05	13.08	100.00	3.89	6.60	2994	0	3253	6	0	0	0	0	6254	174.47	21.79	4.29	13.14	21.20	16.61	51.01	1.38	31.82	10.77
2/8/2019 12:24:10 PM	4.94	0.00	6.82	0.19	0.00	0.00	0.00	0.18	11.95	100.00	3.91	6.35	2617	0	3070	6	0	0	0	0	5692	174.55	20.59	4.55	11.81	20.71	15.59	48.00	1.38	31.74	10.78
2/8/2019 12:24:13 PM	5.78	0.00	6.37	0.34	0.00	0.00	0.00	0.04	12.49	100.00	3.94	6.31	3064	0	2865	10	0	0	0	0	5940	175.22	20.23	4.29	12.90	20.09	16.16	48.15	1.39	31.64	10.78
2/8/2019 12:24:15 PM	5.38	0.00	6.37	0.42	0.00	0.00	0.00	0.19	12.17	100.00	3.98	6.65	2849	0	2869	12	0	0	0	0	5730	174.83	20.67	3.97	12.85	21.20	16.33	48.35	1.39	31.59	10.75
2/8/2019 12:24:17 PM	5.79	0.00	6.82	0.35	0.00	0.00	0.00	0.07	12.96	100.00	4.03	6.81	3067	0	3068	11	0	0	0	0	6146	174.78	21.34	5.03	13.18	21.14	16.63	50.52	1.39	31.50	10.76
2/8/2019 12:24:20 PM	5.65	0.00	7.13	0.20	0.00	0.00	0.00	0.08	12.98	100.00	4.07	6.90	2996	0	3207	6	0	0	0	0	6209	175.00	21.45	4.98	12.43	21.22	16.54	50.95	1.40	31.42	10.75
2/8/2019 12:24:22 PM	5.53	0.00	7.21	0.08	0.00	0.00	0.00	0.10	12.83	100.00	4.12	7.10	2932	0	3246	3	0	0	0	0	6181	174.88	21.38	4.41	12.61	21.28	16.02	50.48	1.40	31.32	10.75
2/8/2019 12:24:24 PM	4.97	0.00	7.29	0.18	0.00	0.00	0.00	0.16	12.44	99.99	4.17	7.02	2632	0	3279	6	0	0	0	0	5916	174.27	21.73	4.04	12.27	21.43	16.34	49.95	1.41	31.31	10.71
2/8/2019 12:24:27 PM	5.05	0.00	7.51	0.00	0.00	0.00	0.00	0.15	12.56	100.00	4.22	6.92	2676	0	3380	0	0	0	0	0	6056	174.89	21.65	4.42	12.04	21.45	15.78	50.35	1.41	31.19	10.75
2/8/2019 12:24:29 PM	5.35	0.00	7.27	0.12	0.00	0.00	0.00	0.11	12.74	100.00	4.27	6.91	2833	0	3270	4	0	0	0	0	6107	174.68	21.53	4.44	12.46	21.22	16.16	50.37	1.42	31.17	10.69
2/8/2019 12:24:32 PM	4.82	0.00	7.55	0.10	0.00	0.00	0.00	0.24	12.47	100.00	4.31	6.93	2556	0	3398	3	0	0	0	0	5956	175.12	22.15	4.69	12.22	22.33	16.00	50.98	1.42	31.03	10.70
2/8/2019 12:24:34 PM	4.99	0.00	7.68	0.00	0.00	0.00	0.00	0.14	12.67	100.00	4.36	7.01	2644	0	3457	0	0	0	0	0	6101	175.00	21.99	4.44	12.27	21.50	15.63	50.86	1.43	30.97	10.71
2/8/2019 12:24:36 PM	5.53	0.00	7.43	0.13	0.00	0.00	0.00	0.23	13.09	100.00	4.41	7.02	2929	0	3342	4	0	0	0	0	6275	175.22	22.37	4.58	12.71	23.07	16.70	52.76	1.43	30.86	10.63
2/8/2019 12:24:39 PM	5.65	0.00	6.90	0.24	0.00	0.00	0.00	0.13	12.80	100.00	4.46	6.91	2997	0	3107	7	0	0	0	0	6111	174.68	21.21	4.98	12.63	21.47	16.32	50.49	1.44	30.84	10.63
2/8/2019 12:24:41 PM	5.54	0.00	7.13	0.09	0.00	0.00	0.00	0.16	12.76	100.00	4.51	6.90	2935	0	3209	3	0	0	0	0	6147	174.89	21.33	4.36	12.19	21.77	16.20	50.74	1.44	30.73	10.61
2/8/2019 12:24:44 PM	5.56	0.00	7.35	0.20	0.00	0.00	0.00	0.09	13.10	100.00	4.57	6.81	2948	0	3306	6	0	0	0	0	6259	174.49	22.07	4.87	13.35	21.70	16.36	51.55	1.45	30.67	10.65
2/8/2019 12:24:46 PM	5.13	0.00	7.01	0.24	0.00	0.00	0.00	0.21	12.38	100.00	4.61	6.60	2716	0	3155	7	0	0	0	0	5878	174.95	21.49	4.17	12.61	21.78	16.20	49.80	1.45	30.61	10.58
2/8/2019 12:24:48 PM	4.77	0.00	7.55	0.23	0.00	0.00	0.00	0.20	12.55	100.00	4.66	6.67	2530	0	3398	7	0	0	0	0	5934	175.19	22.45	4.84	12.93	22.04	16.18	50.90	1.46	30.55	10.55
2/8/2019 12:24:51 PM	4.76	0.00	7.67	0.06	0.00	0.00	0.00	0.19	12.49	100.00	4.70	6.84	2523	0	3449	2	0	0	0	0	5974	175.42	22.15	4.27	11.90	21.80	16.19	50.72	1.46	30.42	10.56
2/8/2019 12:24:53 PM	5.33	0.00	7.38	0.00	0.00	0.00	0.00	0.14	12.71	100.00	4.74	6.90	2827	0	3320	0	0	0	0	0	6148	174.85	21.53	4.22	12.60	21.56	15.67	50.49	1.46	30.35	10.56
2/8/2019 12:24:55 PM	5.40	0.00	7.43	0.03	0.00	0.00	0.00	0.05	12.86	100.00	4.77	6.87	2863	0	3342	1	0	0	0	0	6206	175.31	21.56	4.27	12.80	20.92	15.81	50.33	1.47	30.34	10.51
2/8/2019 12:24:58 PM	4.70	0.00	7.69	0.18	0.00	0.00	0.00	0.23	12.56	100.00	4.79	6.82	2490	0	3459	5	0	0	0	0	5955	175.38	22.64	4.57	12.36	22.39	16.48	51.42	1.47	30.22	10.53
2/8/2019 12:25:00 PM	5.06	0.00	7.49	0.17	0.00	0.00	0.00	0.17	12.73	100.00	4.82	6.92	2683	0	3372	5	0	0	0	0	6060	175.32	22.29	4.17	12.79	21.98	16.47	51.12	1.47	30.16	10.57
2/8/2019 12:25:03 PM	5.43	0.00	7.31	0.15	0.00	0.00	0.00	0.18	12.90	100.00	4.86	6.98	2878	0	3291	5	0	0	0	0	6174	175.60	22.09	4.17	13.21	22.35	16.32	51.47	1.48	30.12	10.46
2/8/2019 12:25:05 PM	4.86	0.00	7.53	0.27	0.00	0.00	0.00	0.18	12.66	100.00	4.89	7.03	2575	0	3388	8	0	0	0	0	5971	175.47	22.61	4.44	13.16	22.06	16.52	51.08	1.48	30.05	10.48
2/8/2019 12:25:07 PM	5.65	0.00	7.47	0.01	0.00	0.00	0.00	0.16	13.14	100.00	4.95	7.08	2997	0	3363	0	0	0	0	0	6360	175.09	22.00	4.11	12.47	22.34	16.48	52.22	1.49	29.99	10.45
2/8/2019 12:25:10 PM	5.03	0.00	7.71	0.01	0.00	0.00	0.00	0.12	12.75	100.00	5.00	7.03	2665	0	3472	0	0	0	0	0	6136	175.23	22.11	4.13	12.48	21.48	15.98	50.86	1.49	29.89	10.46
2/8/2019 12:25:12 PM	5.56	0.00	7.21	0.07	0.00	0.00	0.00	0.11	12.85	100.00	5.04	6.92	2947	0	3246	2	0	0	0	0	6196	175.03	21.44	3.94	12.56	21.45	16.20	50.61	1.49	29.83	10.48
2/8/2019 12:25:14 PM	4.90	0.00	7.36	0.15	0.00	0.00	0.00	0.15	12.41	100.00	5.07	6.89	2598	0	3313	4	0	0	0	0	5916	174.40	21.70	4.29	12.34	21.24	16.03	49.78	1.50	29.74	10.46
2/8/2019 12:25:17 PM	5.31	0.00	7.16	0.00	0.00	0.00	0.00	0.17	12.46	100.00	5.10	6.92	2812	0	3220	0	0	0	0	0	6032	175.05	21.04	3.98	12.17	21.37	15.48	49.69	1.50	29.67	10.46
2/8/2019 12:25:19 PM	5.11	0.00	7.35	0.13	0.00	0.00	0.00	0.19	12.58	100.00	5.16	6.89	2707	0	3305	4	0	0	0	0	6016	175.26	21.87	4.38	12.79	21.95	15.94	50.57	1.51	29.62	10.40
2/8/2019 12:25:22 PM	5.22	0.00	7.47	0.00	0.00	0.00	0.00	0.19	12.69	100.00	5.21	6.82	2767	0	3362	0	0	0	0	0	6129	175.17	21.76	4.18	12.10	21.96	15.91	51.04	1.51	29.56	10.35
2/8/2019 12:25:24 PM	5.36	0.00	7.34	0.00	0.00	0.00	0.00	0.15	12.69	100.00	5.26	6.73	2839	0	3301	0	0	0	0	0	6140	175.08	21.44	3.96	12.05	21.57	15.93	50.59	1.52	29.47	10.40
2/8/2019 12:25:26 PM	5.33	0.00	7.30	0.06	0.00	0.00	0.00	0.17	12.69	100.00	5.29	6.65	2825	0	3284	2	0	0	0	0	6111	175.67	21.59	4.45	12.71	21.83	15.76	50.62	1.52	29.39	10.36
2/8/2019 12:25:29 PM	5.09	0.00	7.17	0.09	0.00	0.00	0.00	0.23	12.35	100.00	5.35	6.59	2696	0	3225	3	0	0	0	0	5924	175.26	21.35	4.56	12.16	21.91	15.71	49.98	1.52	29.32	10.33
2/8/2019 12:25:31 PM	5.32	0.00	6.85	0.12	0.00	0.00	0.00	0.22	12.29	100.00	5.38	6.39	2819	0	3082	4	0	0	0	0	5904	175.12	20.80	4.47	12.30	21.63	15.55	49.29	1.53	29.26	10.30
2/8/2019 12:25:33 PM	5.30	0.00	6.41	0.54	0.00	0.00	0.00	0.28	12.25	100.00	5.42	6.13	2807	0	2882	16	0	0	0	0	5705	175.10	21.18	5.17	12.74	22.21	16.72	49.69	1.53	29.18	10.36
2/8/2019 12:25:36 PM	5.16	0.00	6.86	0.18	0.00	0.00	0.00	0.22	12.21	100.00	5.44	6.13	2737	0	3089	5	0	0	0	0	5832	174.92	20.89	4.75	11.98	21.57	15.79	49.28	1.53	29.14	10.26
2/8/2019 12:25:38 PM	4.84	0.00	6.84	0.23	0.00	0.00	0.00	0.23	11.91	100.00	5.49	6.33	2567	0	3078	7	0	0	0	0	5652	175.06	20.91	4.43	12.31	21.31	15.54	48.29	1.54	29.05	10.27
2/8/2019 12:25:41 PM	4.54	0.00	6.79	0.37	0.00	0.00	0.00	0.27	11.69	100.00	5.54	6.44	2406	0	3054	11	0	0	0	0	5471	175.19	21.03	5.22	12.12	21.33	15.67	48.06	1.54	28.98	10.29
2/8/2019 12:25:43 PM	5.01	0.00	6.77	0.29	0.00	0.00	0.00	0.21	12.06	100.00	5.60	6.43	2655	0	3045	9	0	0	0	0	5709	175.35	20.88	5.01	12.25	21.26	15.75	48.67	1.55	28.92	10.31
2/8/2019 12:25:45 PM	4.80	0.00	6.71	0.37	0.00	0.00	0.00	0.24	11.88	100.00	5.65	6.37	2546	0	3018	11	0	0	0	0	5575	174.86	20.93	5.19	12.39	21.25	15.71	48.26	1.55	28.86	10.21
2/8/2019 12:25:48 PM	4.69	0.00	6.88	0.17	0.00	0.00	0.00	0.21	11.75	100.00	5.70	6.16	2488	0	3095	5	0	0	0	0	5588	175.22	20.54	5.04	11.62	20.72	15.20	47.67	1.56	28.79	10.21
2/8/2019 12:25:50 PM	5.01	0.00	6.54	0.25	0.00	0.00	0.00	0.22	11.80	100.00	5.74	5.90	2657	0	2941	8	0	0	0	0	5606	175.21	20.24	4.92	11.94	20.89	15.37	47.60	1.56	28.73	10.31
2/8/2019 12:25:52 PM	5.00	0.00	6.69	0.08	0.00	0.00	0.00	0.21	11.76	100.00	5.82	5.91	2649	0	3008	2	0	0	0	0	5659	175.42	20.02	4.60	11.60	20.75	14.90	47.38	1.57	28.66	10.19
2/8/2019 12:25:55 PM	4.83	0.00	6.26	0.26	0.00	0.00	0.00	0.25	11.35	100.00	5.88	5.82	2559	0	2819	8	0	0	0	0	5385	175.06	19.55	4.86	11.59	20.44	14.89	46.03	1.58	28.57	10.17
2/8/2019 12:25:57 PM	4.74	0.00	6.37	0.26	0.00	0.00	0.00	0.21	11.37	100.00	5.97	5.81	2511	0	2867	8	0	0	0	0	5386	174.94	19.75	4.36	11.76	20.15	15.05	45.86	1.58	28.52	10.17
2/8/2019 12:26:00 PM	4.84	0.00	6.59	0.09	0.00	0.00	0.00	0.22	11.52	100.00	6.03	5.77	2564	0	2967	3	0	0	0	0	5533	175.14	19.73	4.59	11.36	20.40	14.70	46.52	1.59	28.47	10.12
2/8/2019 12:26:02 PM	4.80	0.00	6.40	0.32	0.00	0.00	0.00	0.21	11.52	100.00	6.07	5.47	2545	0	2879	10	0	0	0	0	5434	175.01	19.97	4.90	11.88	20.35	15.25	46.48	1.59	28.41	10.18
2/8/2019 12:26:04 PM	4.88	0.00	6.59	0.28	0.00	0.00	0.00	0.26	11.75	100.00	6.11	5.47	2585	0	2967	8	0	0	0	0	5561	174.58	20.56	4.63	12.28	21.33	15.39	47.77	1.60	28.39	10.10
2/8/2019 12:26:07 PM	4.78	0.00	6.44	0.35	0.00	0.00	0.00	0.33	11.56	100.00	6.17	5.77	2532	0	2897	10	0	0	0	0	5440	175.31	20.45	4.84	11.98	21.65	15.52	47.63	1.60	28.27	10.08
2/8/2019 12:26:09 PM	5.06	0.00	6.29	0.23	0.00	0.00	0.00	0.24	11.58	100.00	6.22	6.00	2681	0	2829	7	0	0	0	0	5517	174.96	19.68	4.48	11.66	20.72	15.18	46.70	1.61	28.20	10.14
2/8/2019 12:26:11 PM	4.80	0.00	6.34	0.46	0.00	0.00	0.00	0.35	11.60	100.00	6.27	6.10	2541	0	2854	14	0	0	0	0	5410	174.75	20.68	5.16	12.55	21.97	15.64	47.89	1.61	28.15	10.04
2/8/2019 12:26:14 PM	4.82	0.00	7.00	0.20	0.00	0.00	0.00	0.22	12.02	100.00	6.32	5.99	2556	0	3150	6	0	0	0	0	5712	174.84	21.09	4.56	11.94	21.32	15.76	48.79	1.62	28.11	10.05
2/8/2019 12:26:16 PM	4.84	0.00	6.86	0.25	0.00	0.00	0.00	0.25	11.95	100.00	6.37	5.93	2567	0	3085	8	0	0	0	0	5659	174.93	20.98	4.84	12.00	21.50	15.72	48.70	1.62	28.04	10.04
2/8/2019 12:26:19 PM	4.56	0.00	6.70	0.22	0.00	0.00	0.00	0.31	11.48	100.00	6.44	5.82	2418	0	3014	7	0	0	0	0	5439	175.36	20.48	4.59	11.55	21.33	15.26	47.39	1.63	27.95	10.05
2/8/2019 12:26:21 PM	4.86	0.00	6.52	0.18	0.00	0.00	0.00	0.27	11.57	100.00	6.50	5.40	2578	0	2936	5	0	0	0	0	5519	175.17	20.03	4.48	11.52	21.04	15.16	47.14	1.64	27.89	10.02
2/8/2019 12:26:23 PM	4.66	0.00	6.54	0.31	0.00	0.00	0.00	0.28	11.51	100.00	6.54	5.25	2471	0	2942	9	0	0	0	0	5423	175.11	20.43	4.67	12.01	21.16	15.34	47.16	1.64	27.86	9.98
2/8/2019 12:26:26 PM	4.90	0.00	6.70	0.26	0.00	0.00	0.00	0.25	11.86	100.00	6.59	5.30	2595	0	3014	8	0	0	0	0	5617	175.32	20.67	4.88	12.03	21.31	15.55	48.20	1.65	27.76	9.96
2/8/2019 12:26:28 PM	5.00	0.00	6.41	0.27	0.00	0.00	0.00	0.25	11.68	100.00	6.65	5.43	2652	0	2883	8	0	0	0	0	5543	175.04	20.12	4.79	12.33	21.04	15.10	47.20	1.65	27.70	10.03
2/8/2019 12:26:30 PM	4.95	0.00	6.53	0.20	0.00	0.00	0.00	0.27	11.67	100.00	6.70	5.62	2622	0	2938	6	0	0	0	0	5566	175.05	20.15	4.62	11.67	21.19	15.25	47.51	1.66	27.65	9.93
2/8/2019 12:26:33 PM	4.87	0.00	6.55	0.30	0.00	0.00	0.00	0.24	11.72	100.00	6.78	5.77	2582	0	2950	9	0	0	0	0	5541	175.04	20.44	4.98	12.43	21.07	15.19	47.49	1.66	27.56	10.00
2/8/2019 12:26:35 PM	5.02	0.00	6.53	0.32	0.00	0.00	0.00	0.25	11.87	100.00	6.82	5.73	2660	0	2937	10	0	0	0	0	5607	175.00	20.51	5.01	12.24	21.28	15.57	48.05	1.67	27.50	9.93
2/8/2019 12:26:38 PM	4.75	0.00	6.19	0.36	0.00	0.00	0.00	0.31	11.30	100.00	6.89	5.65	2518	0	2786	11	0	0	0	0	5315	175.09	19.85	4.78	11.92	21.04	15.13	46.32	1.67	27.43	9.93
2/8/2019 12:26:40 PM	5.05	0.00	5.87	0.47	0.00	0.00	0.00	0.29	11.40	100.00	6.95	5.62	2678	0	2643	14	0	0	0	0	5335	175.00	19.60	4.90	12.30	20.97	15.38	46.23	1.68	27.37	9.91
2/8/2019 12:26:42 PM	5.00	0.00	6.21	0.25	0.00	0.00	0.00	0.27	11.46	100.00	7.01	5.65	2650	0	2794	8	0	0	0	0	5451	175.07	19.57	4.65	11.66	20.77	15.04	46.43	1.69	27.31	9.92
2/8/2019 12:26:45 PM	4.90	0.00	6.20	0.29	0.00	0.00	0.00	0.27	11.38	100.00	7.07	5.61	2595	0	2788	9	0	0	0	0	5392	175.60	19.65	4.62	11.94	20.73	14.98	46.18	1.69	27.25	9.91
2/8/2019 12:26:47 PM	4.55	0.00	6.16	0.25	0.00	0.00	0.00	0.34	10.96	100.00	7.13	5.55	2409	0	2772	7	0	0	0	0	5189	175.44	19.39	4.53	11.43	20.79	14.58	45.29	1.70	27.30	9.85
2/8/2019 12:26:49 PM	4.86	0.00	6.00	0.22	0.00	0.00	0.00	0.29	11.08	100.00	7.21	5.58	2578	0	2698	7	0	0	0	0	5283	175.38	18.95	4.51	11.28	20.40	14.58	45.11	1.71	27.21	9.85
2/8/2019 12:26:52 PM	4.83	0.00	5.95	0.21	0.00	0.00	0.00	0.34	11.00	100.00	7.26	5.55	2560	0	2679	6	0	0	0	0	5246	175.34	18.94	4.50	11.20	20.80	14.53	45.21	1.71	27.10	9.85
2/8/2019 12:26:54 PM	4.48	0.00	6.15	0.31	0.00	0.00	0.00	0.34	10.94	100.00	7.30	5.39	2374	0	2766	9	0	0	0	0	5149	175.20	19.53	4.59	11.45	20.85	14.79	45.35	1.72	27.05	9.78
2/8/2019 12:26:57 PM	4.51	0.00	5.89	0.37	0.00	0.00	0.00	0.36	10.77	100.00	7.34	5.45	2389	0	2649	11	0	0	0	0	5049	175.60	19.17	4.43	11.44	20.70	14.79	44.65	1.72	26.98	9.92
2/8/2019 12:26:59 PM	5.12	0.00	6.12	0.19	0.00	0.00	0.00	0.27	11.42	100.00	7.39	5.67	2711	0	2753	6	0	0	0	0	5470	175.35	19.28	4.39	11.74	20.74	14.73	46.10	1.72	26.91	9.79
2/8/2019 12:27:01 PM	4.93	0.00	5.96	0.17	0.00	0.00	0.00	0.31	11.05	100.00	7.48	5.74	2613	0	2680	5	0	0	0	0	5298	175.29	18.78	4.55	11.34	20.53	14.27	45.04	1.73	26.86	9.79
2/8/2019 12:27:04 PM	4.54	0.00	5.83	0.13	0.00	0.00	0.00	0.29	10.50	100.00	7.56	5.40	2408	0	2623	4	0	0	0	0	5035	175.32	18.06	4.33	10.61	19.52	13.74	42.96	1.74	26.87	9.77
2/8/2019 12:27:06 PM	4.69	0.00	5.60	0.14	0.00	0.00	0.00	0.28	10.43	100.00	7.62	5.26	2486	0	2520	4	0	0	0	0	5010	175.35	17.67	4.21	10.83	19.29	13.55	42.36	1.75	26.76	9.72
2/8/2019 12:27:08 PM	4.71	0.00	5.81	0.15	0.00	0.00	0.00	0.30	10.67	100.00	7.69	5.38	2497	0	2614	4	0	0	0	0	5116	175.21	18.26	4.12	11.06	19.90	13.90	43.52	1.75	26.71	9.79
2/8/2019 12:27:11 PM	4.59	0.00	5.62	0.21	0.00	0.00	0.00	0.32	10.42	100.00	7.75	5.30	2432	0	2529	6	0	0	0	0	4968	175.30	17.96	4.12	10.82	19.68	13.89	42.72	1.76	26.66	9.71
2/8/2019 12:27:13 PM	4.72	0.00	5.84	0.30	0.00	0.00	0.00	0.34	10.85	100.00	7.83	5.37	2500	0	2626	9	0	0	0	0	5135	175.35	18.91	4.43	11.65	20.59	14.43	44.56	1.77	26.58	9.72
2/8/2019 12:27:16 PM	4.74	0.00	5.83	0.19	0.00	0.00	0.00	0.31	10.75	100.00	7.92	5.36	2512	0	2623	6	0	0	0	0	5140	175.58	18.46	4.08	11.03	20.12	14.24	43.96	1.78	26.51	9.72
2/8/2019 12:27:18 PM	4.87	0.00	5.46	0.46	0.00	0.00	0.00	0.35	10.79	100.00	8.00	5.26	2583	0	2457	14	0	0	0	0	5054	175.38	18.66	4.60	12.12	20.59	14.58	44.13	1.78	26.47	9.66
2/8/2019 12:27:20 PM	4.59	0.00	5.62	0.28	0.00	0.00	0.00	0.33	10.50	100.00	8.08	5.01	2434	0	2529	8	0	0	0	0	4972	175.39	18.24	4.18	10.94	19.97	14.26	43.19	1.79	26.42	9.65
2/8/2019 12:27:23 PM	4.59	0.00	5.36	0.39	0.00	0.00	0.00	0.34	10.35	100.00	8.17	4.75	2434	0	2414	12	0	0	0	0	4860	175.18	17.99	4.40	11.18	19.76	14.22	42.53	1.80	26.38	9.65
2/8/2019 12:27:25 PM	4.46	0.00	5.52	0.20	0.00	0.00	0.00	0.34	10.18	100.00	8.26	4.75	2362	0	2485	6	0	0	0	0	4853	175.27	17.68	4.03	10.66	19.54	13.62	41.98	1.81	26.30	9.67
2/8/2019 12:27:27 PM	4.57	0.00	5.52	0.17	0.00	0.00	0.00	0.32	10.25	100.00	8.32	4.75	2422	0	2482	5	0	0	0	0	4909	175.24	17.60	4.09	10.84	19.46	13.45	42.00	1.81	26.29	9.63
2/8/2019 12:27:30 PM	4.44	0.00	5.51	0.31	0.00	0.00	0.00	0.36	10.25	100.00	8.37	4.79	2353	0	2479	9	0	0	0	0	4841	175.35	18.03	4.33	11.07	19.89	13.88	42.46	1.82	26.20	9.62
2/8/2019 12:27:32 PM	4.67	0.00	5.73	0.32	0.00	0.00	0.00	0.38	10.72	100.00	8.45	4.85	2474	0	2580	10	0	0	0	0	5063	175.19	18.83	4.41	11.73	20.87	14.30	44.36	1.83	26.14	9.62
2/8/2019 12:27:35 PM	4.24	0.00	5.64	0.28	0.00	0.00	0.00	0.36	10.16	100.00	8.49	4.83	2247	0	2537	8	0	0	0	0	4792	175.28	18.17	4.09	10.92	19.81	13.87	42.29	1.83	26.08	9.58
2/8/2019 12:27:37 PM	4.43	0.00	5.52	0.31	0.00	0.00	0.00	0.38	10.26	100.00	8.56	4.88	2345	0	2486	9	0	0	0	0	4840	175.39	18.12	4.33	11.06	20.10	13.93	42.66	1.84	26.01	9.63
2/8/2019 12:27:39 PM	4.87	0.00	5.63	0.23	0.00	0.00	0.00	0.34	10.74	100.00	8.62	5.03	2583	0	2535	7	0	0	0	0	5126	175.15	18.31	4.29	11.28	20.40	14.17	43.97	1.84	26.02	9.54
2/8/2019 12:27:42 PM	4.84	0.00	5.65	0.21	0.00	0.00	0.00	0.37	10.71	100.00	8.69	5.15	2568	0	2544	6	0	0	0	0	5118	175.09	18.36	4.21	11.28	20.69	14.08	44.09	1.85	25.93	9.53
2/8/2019 12:27:44 PM	4.67	0.00	5.70	0.26	0.00	0.00	0.00	0.37	10.62	100.00	8.77	5.15	2473	0	2564	8	0	0	0	0	5045	175.03	18.51	4.37	11.32	20.58	14.13	43.93	1.86	25.88	9.53
2/8/2019 12:27:46 PM	4.86	0.00	5.51	0.12	0.00	0.00	0.00	0.33	10.49	100.00	8.84	5.11	2576	0	2481	4	0	0	0	0	5061	175.13	17.61	3.93	10.52	19.82	13.81	42.87	1.87	25.81	9.51
2/8/2019 12:27:49 PM	4.39	0.00	5.43	0.34	0.00	0.00	0.00	0.39	10.16	100.00	8.90	5.09	2328	0	2444	10	0	0	0	0	4782	175.31	18.01	4.15	11.07	20.04	13.96	42.31	1.87	25.76	9.58
2/8/2019 12:27:51 PM	4.65	0.00	5.65	0.36	0.00	0.00	0.00	0.40	10.65	100.00	8.97	5.14	2465	0	2541	11	0	0	0	0	5017	174.97	18.75	4.44	11.40	20.95	14.53	44.34	1.88	25.69	9.51
2/8/2019 12:27:54 PM	4.91	0.00	5.96	0.36	0.00	0.00	0.00	0.37	11.23	100.00	9.04	5.03	2603	0	2680	11	0	0	0	0	5295	174.81	19.63	4.57	12.31	21.60	14.87	46.23	1.89	25.69	9.46
2/8/2019 12:27:56 PM	4.57	0.00	5.66	0.33	0.00	0.00	0.00	0.37	10.57	100.00	9.10	4.96	2425	0	2546	10	0	0	0	0	4981	175.01	18.58	4.26	11.20	20.47	14.45	43.78	1.89	25.62	9.45
2/8/2019 12:27:58 PM	5.05	0.00	5.65	0.38	0.00	0.00	0.00	0.38	11.09	100.00	9.17	5.06	2678	0	2544	11	0	0	0	0	5233	175.28	19.04	4.62	11.93	21.38	14.86	45.59	1.90	25.56	9.50
2/8/2019 12:28:01 PM	4.74	0.00	5.84	0.37	0.00	0.00	0.00	0.40	10.95	100.00	9.25	4.96	2510	0	2630	11	0	0	0	0	5151	175.36	19.33	4.40	11.73	21.39	14.91	45.49	1.91	25.49	9.45
2/8/2019 12:28:03 PM	4.79	0.00	5.40	0.30	0.00	0.00	0.00	0.36	10.48	100.00	9.33	4.76	2537	0	2429	9	0	0	0	0	4974	175.26	17.98	4.23	11.37	20.23	13.99	43.04	1.91	25.43	9.43
2/8/2019 12:28:06 PM	4.68	0.00	5.63	0.26	0.00	0.00	0.00	0.37	10.57	100.00	9.40	4.74	2483	0	2532	8	0	0	0	0	5022	175.37	18.35	4.16	11.27	20.45	14.10	43.61	1.92	25.37	9.40
2/8/2019 12:28:08 PM	4.45	0.00	5.40	0.27	0.00	0.00	0.00	0.39	10.13	100.00	9.43	4.77	2358	0	2432	8	0	0	0	0	4798	175.22	17.81	3.81	10.96	19.96	13.80	42.06	1.92	25.43	9.38
2/8/2019 12:28:10 PM	4.49	0.00	5.15	0.41	0.00	0.00	0.00	0.40	10.05	100.00	9.54	4.69	2379	0	2319	12	0	0	0	0	4710	175.21	17.68	4.04	11.12	19.98	14.01	41.78	1.93	25.30	9.42
2/8/2019 12:28:13 PM	4.36	0.00	5.40	0.39	0.00	0.00	0.00	0.42	10.15	100.00	9.58	4.53	2313	0	2428	12	0	0	0	0	4753	175.05	18.16	4.22	11.17	20.33	14.11	42.53	1.94	25.23	9.33
2/8/2019 12:28:15 PM	4.24	0.00	5.31	0.37	0.00	0.00	0.00	0.40	9.92	100.00	9.69	4.52	2246	0	2391	11	0	0	0	0	4648	175.19	17.78	4.05	10.93	19.80	13.84	41.52	1.95	25.17	9.33
2/8/2019 12:28:17 PM	4.65	0.00	5.45	0.29	0.00	0.00	0.00	0.41	10.39	100.00	9.75	4.55	2462	0	2452	9	0	0	0	0	4924	175.25	18.12	4.20	11.14	20.58	14.05	43.22	1.96	25.16	9.30
2/8/2019 12:28:20 PM	4.66	0.00	5.46	0.47	0.00	0.00	0.00	0.44	10.60	100.00	9.82	4.64	2472	0	2456	14	0	0	0	0	4942	175.22	18.84	4.44	11.95	21.26	14.63	44.26	1.96	25.08	9.32
2/8/2019 12:28:22 PM	4.77	0.02	5.32	0.32	0.00	0.00	0.00	0.41	10.43	100.00	9.94	4.72	2527	16	2396	10	0	0	0	0	4948	174.92	18.06	4.12	11.65	20.69	14.03	43.14	1.97	25.05	9.26
2/8/2019 12:28:25 PM	4.72	0.01	5.30	0.42	0.00	0.00	0.00	0.41	10.44	100.00	10.09	4.66	2500	10	2383	13	0	0	0	0	4907	174.93	18.25	4.22	11.77	20.69	14.32	43.24	1.99	25.01	9.28
2/8/2019 12:28:27 PM	4.41	0.00	5.23	0.35	0.00	0.00	0.00	0.40	9.99	100.00	10.23	4.61	2338	0	2355	10	0	0	0	0	4703	175.04	17.64	3.93	10.98	19.92	13.82	41.64	2.00	24.93	9.28
2/8/2019 12:28:29 PM	3.84	0.00	5.20	0.47	0.00	0.00	0.00	0.46	9.52	100.00	10.26	4.47	2035	0	2342	14	0	0	0	0	4391	174.61	17.82	4.00	10.97	19.91	13.78	40.68	2.00	24.91	9.26
2/8/2019 12:28:32 PM	4.70	0.00	5.49	0.30	0.00	0.00	0.00	0.45	10.49	100.00	10.28	4.44	2491	0	2470	9	0	0	0	0	4970	174.74	18.35	4.15	11.09	21.11	14.29	43.91	2.01	24.85	9.24
2/8/2019 12:28:34 PM	4.39	0.09	5.85	0.21	0.00	0.00	0.00	0.45	10.53	100.00	10.28	4.52	2325	87	2630	6	0	0	0	0	5049	174.65	18.89	4.25	11.95	21.26	14.14	44.03	2.01	24.80	9.25
2/8/2019 12:28:36 PM	4.20	0.06	5.13	0.29	0.00	0.00	0.00	0.43	9.69	100.00	10.32	4.67	2225	63	2308	9	0	0	0	0	4606	174.74	17.25	3.93	11.11	19.71	13.45	40.48	2.01	24.74	9.22
2/8/2019 12:28:39 PM	4.15	0.00	5.34	0.33	0.00	0.00	0.00	0.44	9.81	100.00	10.41	4.72	2199	0	2401	10	0	0	0	0	4610	175.03	17.78	3.94	10.95	20.04	13.60	41.42	2.02	24.71	9.19
2/8/2019 12:28:41 PM	4.40	0.00	5.32	0.39	0.00	0.00	0.00	0.46	10.11	100.00	10.44	4.61	2330	0	2395	12	0	0	0	0	4736	174.64	18.14	4.07	11.26	20.68	14.06	42.59	2.02	24.65	9.21
2/8/2019 12:28:44 PM	4.48	0.08	5.22	0.29	0.00	0.00	0.00	0.42	10.07	100.00	10.50	4.65	2377	76	2350	9	0	0	0	0	4811	174.89	17.60	4.13	11.53	20.19	13.73	41.71	2.03	24.61	9.16
2/8/2019 12:28:46 PM	4.04	0.05	5.40	0.33	0.00	0.00	0.00	0.47	9.82	99.99	10.61	4.69	2143	51	2431	10	0	0	0	0	4636	174.27	18.01	3.99	11.27	20.40	13.77	41.63	2.04	24.57	9.18
2/8/2019 12:28:48 PM	3.92	0.00	4.95	0.27	0.00	0.00	0.00	0.43	9.14	100.00	10.68	4.65	2079	0	2225	8	0	0	0	0	4313	174.49	16.51	3.57	10.14	18.85	12.83	38.66	2.05	24.52	9.12
2/8/2019 12:28:51 PM	4.22	0.00	5.15	0.36	0.00	0.00	0.00	0.42	9.73	100.00	10.76	4.67	2238	0	2318	11	0	0	0	0	4566	174.42	17.44	3.89	10.97	19.75	13.51	40.83	2.05	24.49	9.12
2/8/2019 12:28:53 PM	4.26	0.00	4.93	0.36	0.00	0.00	0.00	0.45	9.55	100.00	10.85	4.69	2258	0	2217	11	0	0	0	0	4486	174.35	17.02	3.88	10.83	19.73	13.32	40.24	2.06	24.43	9.16
2/8/2019 12:28:55 PM	4.11	0.00	5.19	0.28	0.00	0.00	0.00	0.42	9.58	100.00	10.92	4.70	2179	0	2334	8	0	0	0	0	4522	174.39	17.21	3.71	10.60	19.50	13.25	40.32	2.07	24.39	9.15
