Date/Time	Green Algae	Bluegreen	Diatoms	Cryptophyta	#5	#6	#7	Yellow substances	Total conc.	Transmission	Depth	Temp. Sample	Green Algae	Bluegreen	Diatoms	Cryptophyta	#5	#6	#7	Yellow substances	Total cell count	Trans. 700 nm	LED 3 [525 nm]	LED 4 [570 nm]	LED 5 [610 nm]	LED 6 [370 nm]	LED 7 [590 nm]	LED 8 [470 nm]	Pressure	Temp. LEDs	Temp. Sensor
date	µg/l	µg/l	µg/l	µg/l	µg/l	µg/l	µg/l	r.u.	µg/l	%	m	°C	cells/ml	cells/ml	cells/ml	cells/ml	cells/ml	cells/ml	cells/ml	r.u.	cells/ml	digits	digits	digits	digits	digits	digits	digits	bar	°C	°C
4/1/2019 9:02:41 AM	5.43	0.00	0.00	0.00	0.00	0.00	0.00	0.21	5.43	98.08	0.62	11.73	2877	0	0	0	0	0	0	0	2877	170.96	3.92	0.96	5.71	9.69	6.76	19.07	1.06	25.91	8.29
4/1/2019 9:02:44 AM	4.08	0.03	0.71	0.10	0.00	0.00	0.00	0.18	4.92	98.17	0.62	11.79	2163	26	321	3	0	0	0	0	2514	171.11	5.31	1.61	5.84	9.01	7.47	17.76	1.06	25.97	8.30
4/1/2019 9:02:46 AM	5.01	0.12	0.00	0.17	0.00	0.00	0.00	0.34	5.30	98.06	0.62	12.07	2653	124	0	5	0	0	0	0	2782	170.91	4.82	2.47	6.88	10.99	7.81	19.23	1.06	26.02	8.30
4/1/2019 9:02:49 AM	4.95	0.03	0.00	0.30	0.00	0.00	0.00	0.20	5.28	98.31	0.63	12.33	2622	29	0	9	0	0	0	0	2659	171.35	4.67	1.76	6.20	9.59	8.39	18.43	1.06	26.10	8.34
4/1/2019 9:02:51 AM	4.48	0.22	0.00	0.00	0.00	0.00	0.00	0.44	4.70	97.64	0.64	12.38	2375	222	0	0	0	0	0	0	2597	170.18	3.56	1.21	6.53	11.20	7.47	17.66	1.06	26.19	8.32
4/1/2019 9:02:53 AM	5.75	0.15	0.00	0.00	0.00	0.00	0.00	0.18	5.90	97.48	0.65	12.36	3045	155	0	0	0	0	0	0	3200	169.90	4.40	0.09	7.37	10.13	7.97	19.57	1.06	26.21	8.32
4/1/2019 9:02:56 AM	4.30	0.25	0.60	0.00	0.00	0.00	0.00	0.33	5.15	97.81	0.67	12.39	2277	250	271	0	0	0	0	0	2797	170.48	5.49	0.85	6.64	10.61	8.41	18.75	1.07	26.29	8.34
4/1/2019 9:02:58 AM	3.17	0.38	0.90	0.00	0.00	0.00	0.00	0.47	4.45	98.74	0.70	12.37	1678	379	405	0	0	0	0	0	2462	172.09	5.97	1.75	7.11	11.05	7.78	17.60	1.07	26.35	8.34
4/1/2019 9:03:00 AM	5.06	0.00	0.00	0.04	0.00	0.00	0.00	0.38	5.10	97.75	0.73	12.45	2680	0	0	1	0	0	0	0	2682	170.38	4.36	1.47	4.50	10.90	7.91	19.32	1.07	26.42	8.33
4/1/2019 9:03:03 AM	5.42	0.06	0.29	0.06	0.00	0.00	0.00	0.23	5.82	98.43	0.74	12.42	2870	57	130	2	0	0	0	0	3059	171.56	5.12	1.24	6.45	10.58	8.35	20.35	1.07	26.46	8.33
4/1/2019 9:03:05 AM	5.10	0.09	0.42	0.00	0.00	0.00	0.00	0.24	5.61	98.12	0.76	12.03	2703	89	187	0	0	0	0	0	2980	171.01	5.21	-0.05	6.22	10.37	8.44	19.73	1.07	26.52	8.37
4/1/2019 9:03:08 AM	5.51	0.00	0.00	0.00	0.00	0.00	0.00	0.37	5.51	97.72	0.78	11.61	2922	0	0	0	0	0	0	0	2922	170.33	4.41	1.22	6.49	11.62	7.03	20.32	1.08	26.55	8.36
4/1/2019 9:03:10 AM	6.12	0.03	0.16	0.00	0.00	0.00	0.00	0.03	6.31	98.48	0.80	11.59	3243	31	70	0	0	0	0	0	3344	171.65	4.58	0.41	6.72	9.22	8.27	20.18	1.08	26.62	8.34
4/1/2019 9:03:12 AM	5.42	0.29	0.00	0.00	0.00	0.00	0.00	0.31	5.71	97.12	0.83	11.64	2870	290	0	0	0	0	0	0	3160	169.28	4.10	2.03	7.14	11.07	8.73	19.56	1.08	26.66	8.35
4/1/2019 9:03:15 AM	5.75	0.33	0.00	0.02	0.00	0.00	0.00	0.22	6.10	97.51	0.87	11.73	3046	333	0	0	0	0	0	0	3380	169.96	4.68	1.09	7.43	10.65	9.50	20.01	1.09	26.72	8.38
4/1/2019 9:03:17 AM	5.49	0.21	0.00	0.20	0.00	0.00	0.00	0.30	5.90	97.90	0.93	11.60	2910	212	0	6	0	0	0	0	3127	170.64	4.89	2.58	7.38	11.37	9.08	20.60	1.09	26.74	8.37
4/1/2019 9:03:19 AM	5.75	0.22	0.23	0.20	0.00	0.00	0.00	0.08	6.40	98.15	0.95	11.46	3049	222	102	6	0	0	0	0	3379	171.07	5.37	1.39	7.59	9.85	9.82	20.68	1.09	26.79	8.36
4/1/2019 9:03:22 AM	4.95	0.00	0.62	0.26	0.00	0.00	0.00	0.25	5.84	98.37	1.02	11.45	2624	0	280	8	0	0	0	0	2912	171.46	6.16	2.85	6.76	10.99	8.33	21.44	1.10	26.82	8.39
4/1/2019 9:03:24 AM	3.50	0.00	1.38	0.06	0.00	0.00	0.00	0.33	4.94	97.48	1.08	11.40	1857	0	621	2	0	0	0	0	2480	169.90	6.77	1.03	5.09	10.67	8.20	19.90	1.11	26.86	8.38
4/1/2019 9:03:27 AM	4.60	0.14	0.88	0.03	0.00	0.00	0.00	0.16	5.66	98.11	1.13	11.39	2439	143	398	1	0	0	0	0	2980	171.00	5.86	1.65	6.75	9.83	8.37	19.77	1.11	26.90	8.41
4/1/2019 9:03:29 AM	5.33	0.19	0.35	0.00	0.00	0.00	0.00	0.20	5.88	97.10	1.17	11.48	2824	191	160	0	0	0	0	0	3175	169.25	5.00	2.80	7.53	10.37	7.73	19.97	1.11	26.93	8.40
4/1/2019 9:03:31 AM	5.72	0.48	0.00	0.00	0.00	0.00	0.00	0.23	6.20	97.70	1.23	11.48	3031	480	0	0	0	0	0	0	3510	170.28	4.47	1.84	8.67	10.81	9.28	19.95	1.12	26.98	8.40
4/1/2019 9:03:34 AM	5.50	0.00	0.86	0.00	0.00	0.00	0.00	0.05	6.36	98.04	1.28	11.38	2917	0	386	0	0	0	0	0	3303	170.88	5.92	0.86	7.06	9.73	7.97	21.48	1.13	27.00	8.41
4/1/2019 9:03:36 AM	5.14	0.04	0.00	0.28	0.00	0.00	0.00	0.47	5.47	97.52	1.32	11.40	2725	43	0	8	0	0	0	0	2776	169.98	5.27	0.54	5.69	12.62	9.82	21.15	1.13	27.04	8.39
4/1/2019 9:03:38 AM	5.40	0.04	0.00	0.16	0.00	0.00	0.00	0.41	5.60	97.69	1.36	11.46	2862	35	0	5	0	0	0	0	2902	170.28	5.11	1.32	6.27	12.12	8.55	20.94	1.13	27.06	8.41
4/1/2019 9:03:41 AM	4.13	0.63	0.47	0.00	0.00	0.00	0.00	0.48	5.24	97.70	1.42	11.47	2189	634	213	0	0	0	0	0	3036	170.28	5.77	2.07	8.75	12.07	9.09	19.05	1.14	27.10	8.42
4/1/2019 9:03:43 AM	5.94	0.16	0.05	0.00	0.00	0.00	0.00	0.34	6.15	98.02	1.46	11.40	3149	159	21	0	0	0	0	0	3329	170.84	5.04	1.56	7.46	12.02	8.27	21.62	1.14	27.13	8.41
4/1/2019 9:03:46 AM	5.86	0.25	0.00	0.08	0.00	0.00	0.00	0.25	6.19	98.17	1.49	11.44	3107	251	0	2	0	0	0	0	3360	171.11	4.38	1.72	6.93	11.21	9.87	20.86	1.15	27.13	8.46
4/1/2019 9:03:48 AM	5.52	0.16	0.84	0.00	0.00	0.00	0.00	0.02	6.52	96.90	1.55	11.46	2927	162	376	0	0	0	0	0	3466	168.89	5.86	1.77	7.88	9.54	8.45	21.21	1.15	27.18	8.40
4/1/2019 9:03:50 AM	5.90	0.00	0.00	0.14	0.00	0.00	0.00	0.27	6.04	97.95	1.61	11.41	3127	0	0	4	0	0	0	0	3131	170.73	4.83	2.31	6.42	11.31	8.26	21.40	1.16	27.19	8.42
4/1/2019 9:03:53 AM	5.44	0.19	0.42	0.00	0.00	0.00	0.00	0.29	6.04	97.72	1.65	11.35	2882	190	187	0	0	0	0	0	3260	170.32	5.54	1.66	7.70	11.45	8.15	21.24	1.16	27.22	8.44
4/1/2019 9:03:55 AM	5.33	0.00	0.14	0.66	0.00	0.00	0.00	0.16	6.12	97.97	1.69	11.44	2823	0	62	20	0	0	0	0	2905	170.75	6.27	2.88	7.46	10.49	9.77	21.52	1.17	27.25	8.43
4/1/2019 9:03:57 AM	6.13	0.03	0.00	0.00	0.00	0.00	0.00	0.31	6.15	98.02	1.69	11.53	3246	28	0	0	0	0	0	0	3274	170.85	4.45	1.91	6.60	11.95	8.17	21.81	1.17	27.26	8.44
4/1/2019 9:04:00 AM	5.81	0.22	0.25	0.00	0.00	0.00	0.00	0.31	6.28	97.91	1.75	11.39	3078	217	113	0	0	0	0	0	3408	170.65	5.43	1.23	7.38	11.94	9.12	21.90	1.17	27.28	8.44
4/1/2019 9:04:02 AM	6.10	0.01	0.00	0.45	0.00	0.00	0.00	0.14	6.56	97.14	1.80	11.22	3232	6	0	14	0	0	0	0	3252	169.30	4.95	3.59	7.26	10.99	9.79	22.35	1.18	27.31	8.42
4/1/2019 9:04:05 AM	5.77	0.00	0.00	0.51	0.00	0.00	0.00	0.14	6.28	97.63	1.88	11.22	3057	0	0	15	0	0	0	0	3072	170.16	5.76	2.24	7.17	10.43	9.60	21.55	1.18	27.32	8.44
4/1/2019 9:04:07 AM	5.58	0.00	0.37	0.09	0.00	0.00	0.00	0.27	6.04	98.39	1.92	11.19	2956	0	168	3	0	0	0	0	3126	171.50	5.42	2.82	6.64	11.36	7.83	21.77	1.19	27.34	8.45
4/1/2019 9:04:09 AM	6.01	0.15	0.11	0.00	0.00	0.00	0.00	0.25	6.26	98.05	1.96	11.26	3184	146	50	0	0	0	0	0	3379	170.90	5.13	0.45	7.56	11.38	8.39	21.45	1.19	27.35	8.45
4/1/2019 9:04:12 AM	6.00	0.17	0.52	0.00	0.00	0.00	0.00	0.26	6.70	98.20	1.99	11.34	3181	170	235	0	0	0	0	0	3587	171.16	6.04	1.78	8.08	12.18	8.75	23.33	1.19	27.36	8.44
4/1/2019 9:04:14 AM	4.69	0.17	0.00	0.51	0.00	0.00	0.00	0.40	5.37	97.73	2.03	11.33	2488	165	0	15	0	0	0	0	2668	170.34	5.78	2.64	7.37	11.71	9.41	20.14	1.20	27.38	8.46
4/1/2019 9:04:16 AM	5.30	0.09	0.72	0.05	0.00	0.00	0.00	0.24	6.16	97.98	2.10	11.37	2812	87	324	1	0	0	0	0	3224	170.77	6.10	1.67	7.00	11.31	8.67	21.97	1.21	27.39	8.46
4/1/2019 9:04:19 AM	5.09	0.00	0.00	0.56	0.00	0.00	0.00	0.30	5.65	98.13	2.18	11.39	2699	0	0	17	0	0	0	0	2716	171.04	5.95	1.81	6.70	11.21	9.55	20.85	1.21	27.42	8.46
4/1/2019 9:04:21 AM	6.11	0.26	0.13	0.00	0.00	0.00	0.00	0.25	6.49	98.27	2.24	11.36	3236	255	57	0	0	0	0	0	3549	171.28	5.15	1.97	8.05	11.58	8.82	21.84	1.22	27.45	8.45
4/1/2019 9:04:24 AM	5.53	0.22	0.67	0.00	0.00	0.00	0.00	0.22	6.42	98.28	2.29	11.37	2929	221	303	0	0	0	0	0	3453	171.29	6.09	1.47	8.13	11.34	8.66	22.12	1.22	27.45	8.47
4/1/2019 9:04:26 AM	6.27	0.03	0.00	0.08	0.00	0.00	0.00	0.23	6.38	98.16	2.32	11.33	3325	29	0	2	0	0	0	0	3356	171.08	4.86	1.36	6.71	11.37	8.81	21.94	1.23	27.44	8.47
4/1/2019 9:04:28 AM	5.70	0.24	0.46	0.00	0.00	0.00	0.00	0.15	6.40	98.12	2.36	11.37	3019	240	209	0	0	0	0	0	3468	171.01	5.46	1.91	7.99	10.53	8.66	21.20	1.23	27.45	8.47
4/1/2019 9:04:31 AM	5.66	0.29	0.08	0.30	0.00	0.00	0.00	0.29	6.32	97.97	2.41	11.48	3000	289	35	9	0	0	0	0	3333	170.75	5.79	2.60	8.39	11.79	9.77	21.81	1.24	27.46	8.46
4/1/2019 9:04:33 AM	5.19	0.00	0.82	0.12	0.00	0.00	0.00	0.21	6.13	98.16	2.52	11.58	2749	0	368	4	0	0	0	0	3120	171.10	6.22	2.90	6.95	11.01	8.03	22.09	1.25	27.47	8.47
4/1/2019 9:04:35 AM	5.78	0.07	0.29	0.00	0.00	0.00	0.00	0.39	6.15	98.69	2.44	11.61	3065	71	132	0	0	0	0	0	3268	172.02	5.62	1.48	7.10	12.73	8.21	22.62	1.24	27.49	8.45
4/1/2019 9:04:38 AM	6.27	0.07	0.64	0.00	0.00	0.00	0.00	0.13	6.98	98.38	2.50	11.64	3324	67	287	0	0	0	0	0	3677	171.47	6.05	1.86	7.97	11.38	8.49	23.63	1.25	27.51	8.45
4/1/2019 9:04:40 AM	5.03	0.00	0.28	0.49	0.00	0.00	0.00	0.31	5.80	98.16	2.55	11.66	2664	0	126	15	0	0	0	0	2806	171.08	6.33	2.50	6.91	11.61	9.26	21.72	1.25	27.51	8.46
4/1/2019 9:04:43 AM	5.96	0.23	0.43	0.00	0.00	0.00	0.00	0.12	6.61	98.20	2.58	11.70	3157	230	193	0	0	0	0	0	3580	171.16	5.53	0.74	7.93	10.49	9.17	21.61	1.25	27.51	8.46
4/1/2019 9:04:45 AM	5.66	0.00	0.26	0.30	0.00	0.00	0.00	0.16	6.22	98.11	2.60	11.71	2999	0	118	9	0	0	0	0	3126	171.00	5.71	1.57	6.70	10.59	9.28	21.58	1.25	27.52	8.46
4/1/2019 9:04:47 AM	4.94	0.22	1.09	0.00	0.00	0.00	0.00	0.25	6.25	98.49	2.62	11.72	2619	216	492	0	0	0	0	0	3326	171.66	6.76	2.33	8.04	11.62	8.51	22.39	1.26	27.53	8.46
4/1/2019 9:04:50 AM	6.05	0.03	0.00	0.28	0.00	0.00	0.00	0.22	6.35	97.71	2.65	11.74	3206	30	0	8	0	0	0	0	3244	170.30	5.35	1.93	7.15	11.35	9.15	22.05	1.26	27.55	8.46
4/1/2019 9:04:52 AM	6.51	0.00	0.00	0.24	0.00	0.00	0.00	0.23	6.75	99.03	2.66	11.77	3451	0	0	7	0	0	0	0	3458	172.60	5.56	1.52	6.71	11.92	9.68	23.53	1.26	27.53	8.47
4/1/2019 9:04:54 AM	6.83	0.26	0.12	0.00	0.00	0.00	0.00	0.22	7.20	98.92	2.68	11.77	3617	262	53	0	0	0	0	0	3932	172.41	5.52	1.52	8.43	12.28	9.76	23.87	1.26	27.55	8.48
4/1/2019 9:04:57 AM	5.13	0.30	0.49	0.09	0.00	0.00	0.00	0.37	6.00	98.59	2.71	11.78	2718	300	219	3	0	0	0	0	3240	171.84	6.07	1.75	7.69	12.23	9.46	21.67	1.27	27.56	8.47
4/1/2019 9:04:59 AM	5.36	0.00	0.00	0.68	0.00	0.00	0.00	0.34	6.04	98.55	2.75	11.76	2839	0	0	20	0	0	0	0	2859	171.76	6.36	2.60	7.03	12.20	10.31	22.60	1.27	27.56	8.46
4/1/2019 9:05:02 AM	6.00	0.07	0.30	0.04	0.00	0.00	0.00	0.27	6.41	98.85	2.79	11.72	3179	67	137	1	0	0	0	0	3384	172.29	5.54	2.06	7.26	11.93	8.45	22.62	1.27	27.56	8.45
4/1/2019 9:05:04 AM	6.87	0.27	0.00	0.07	0.00	0.00	0.00	0.11	7.21	98.14	2.82	11.65	3640	269	0	2	0	0	0	0	3911	171.05	5.15	1.78	8.38	11.17	9.98	22.94	1.28	27.58	8.46
4/1/2019 9:05:06 AM	5.66	0.06	0.04	0.17	0.00	0.00	0.00	0.46	5.93	98.36	2.85	11.60	2999	62	19	5	0	0	0	0	3085	171.43	5.63	1.35	6.76	13.12	8.91	22.42	1.28	27.60	8.45
4/1/2019 9:05:09 AM	6.47	0.00	0.00	0.34	0.00	0.00	0.00	0.17	6.81	97.93	2.87	11.58	3427	0	0	10	0	0	0	0	3438	170.68	5.97	2.05	6.80	11.30	9.64	23.49	1.28	27.58	8.44
4/1/2019 9:05:11 AM	5.57	0.03	1.06	0.00	0.00	0.00	0.00	0.19	6.66	98.39	2.90	11.62	2951	31	476	0	0	0	0	0	3457	171.49	6.80	0.91	7.00	11.63	9.11	23.67	1.28	27.58	8.46
4/1/2019 9:05:13 AM	5.47	0.20	0.60	0.00	0.00	0.00	0.00	0.42	6.27	98.61	2.94	11.66	2900	200	269	0	0	0	0	0	3370	171.87	6.33	1.67	7.50	13.24	9.10	23.28	1.29	27.58	8.47
4/1/2019 9:05:16 AM	5.33	0.26	1.02	0.00	0.00	0.00	0.00	0.32	6.61	98.00	2.96	11.66	2827	255	457	0	0	0	0	0	3540	170.81	7.01	2.20	8.17	12.78	9.36	23.89	1.29	27.60	8.46
4/1/2019 9:05:18 AM	6.64	0.12	0.70	0.00	0.00	0.00	0.00	0.29	7.47	98.45	2.98	11.64	3521	124	317	0	0	0	0	0	3961	171.60	6.89	1.45	8.03	13.69	10.01	26.43	1.29	27.61	8.46
4/1/2019 9:05:21 AM	6.34	0.00	1.25	0.02	0.00	0.00	0.00	0.21	7.61	97.57	3.00	11.58	3358	0	564	1	0	0	0	0	3923	170.06	7.66	2.46	7.72	13.26	9.53	27.34	1.29	27.58	8.46
4/1/2019 9:05:23 AM	6.29	0.00	0.44	0.57	0.00	0.00	0.00	0.35	7.30	98.37	3.03	11.52	3333	0	199	17	0	0	0	0	3549	171.45	7.83	2.43	8.24	14.19	11.02	27.07	1.30	27.62	8.47
4/1/2019 9:05:25 AM	6.34	0.12	1.05	0.00	0.00	0.00	0.00	0.34	7.52	98.54	3.05	11.51	3363	118	474	0	0	0	0	0	3955	171.76	7.64	2.31	8.59	14.35	9.53	27.38	1.30	27.61	8.48
4/1/2019 9:05:28 AM	6.86	0.00	0.43	0.21	0.00	0.00	0.00	0.39	7.50	98.69	3.06	11.53	3638	0	194	6	0	0	0	0	3839	172.01	7.06	2.68	7.86	14.79	9.88	27.71	1.30	27.63	8.46
4/1/2019 9:05:30 AM	7.05	0.11	0.51	0.17	0.00	0.00	0.00	0.34	7.83	98.94	3.08	11.52	3734	110	229	5	0	0	0	0	4078	172.45	7.29	2.10	8.69	14.72	10.53	27.99	1.30	27.62	8.48
4/1/2019 9:05:32 AM	5.98	0.14	1.00	0.00	0.00	0.00	0.00	0.29	7.12	98.07	3.10	11.50	3168	144	451	0	0	0	0	0	3763	170.93	7.34	0.86	8.45	13.23	9.34	25.58	1.30	27.63	8.48
4/1/2019 9:05:35 AM	6.19	0.10	1.29	0.00	0.00	0.00	0.00	0.25	7.57	98.03	3.12	11.48	3279	100	579	0	0	0	0	0	3958	170.87	7.92	1.30	8.25	13.54	10.02	27.15	1.31	27.63	8.44
4/1/2019 9:05:37 AM	6.23	0.00	0.95	0.26	0.00	0.00	0.00	0.20	7.44	98.75	3.15	11.49	3304	0	428	8	0	0	0	0	3740	172.12	7.56	2.64	7.64	12.83	10.18	26.65	1.31	27.63	8.45
4/1/2019 9:05:40 AM	6.11	0.00	0.95	0.11	0.00	0.00	0.00	0.34	7.17	98.44	3.17	11.49	3238	0	427	3	0	0	0	0	3669	171.58	7.45	2.32	7.47	13.92	9.54	26.73	1.31	27.64	8.50
4/1/2019 9:05:42 AM	6.12	0.00	1.30	0.14	0.00	0.00	0.00	0.21	7.57	98.26	3.19	11.47	3244	0	587	4	0	0	0	0	3836	171.27	7.99	2.81	7.60	13.22	9.96	27.48	1.31	27.65	8.44
4/1/2019 9:05:44 AM	6.60	0.12	1.27	0.00	0.00	0.00	0.00	0.24	7.99	98.30	3.21	11.50	3498	117	573	0	0	0	0	0	4187	171.33	8.12	1.46	8.62	14.05	10.45	28.37	1.31	27.60	8.51
4/1/2019 9:05:47 AM	7.56	0.09	0.90	0.08	0.00	0.00	0.00	0.15	8.62	97.85	3.23	11.51	4009	88	403	2	0	0	0	0	4502	170.55	7.71	1.94	9.03	13.91	10.92	29.36	1.32	27.59	8.48
4/1/2019 9:05:49 AM	7.57	0.00	1.09	0.06	0.00	0.00	0.00	0.21	8.73	97.88	3.25	11.52	4014	0	492	2	0	0	0	0	4508	170.60	8.15	2.48	8.47	14.81	10.77	30.84	1.32	27.67	8.46
4/1/2019 9:05:52 AM	7.80	0.11	0.85	0.12	0.00	0.00	0.00	0.20	8.87	98.60	3.28	11.51	4133	109	382	4	0	0	0	0	4627	171.86	7.99	2.67	9.64	14.84	10.99	30.54	1.32	27.62	8.46
4/1/2019 9:05:54 AM	7.27	0.08	1.55	0.00	0.00	0.00	0.00	0.14	8.91	98.49	3.31	11.50	3855	81	700	0	0	0	0	0	4636	171.67	8.83	2.55	9.67	14.40	10.51	30.91	1.32	27.62	8.51
4/1/2019 9:05:56 AM	7.26	0.00	1.09	0.21	0.00	0.00	0.00	0.20	8.56	98.84	3.35	11.46	3846	0	490	6	0	0	0	0	4342	172.28	8.40	2.43	8.48	14.48	11.17	30.35	1.33	27.60	8.49
4/1/2019 9:05:59 AM	5.69	0.00	2.17	0.00	0.00	0.00	0.00	0.30	7.86	98.65	3.38	11.41	3014	0	978	0	0	0	0	0	3991	171.94	9.70	1.57	7.87	14.57	9.51	30.22	1.33	27.63	8.45
4/1/2019 9:06:01 AM	7.85	0.00	0.51	0.17	0.00	0.00	0.00	0.22	8.54	98.56	3.40	11.40	4161	0	231	5	0	0	0	0	4397	171.79	7.35	2.25	8.76	14.51	10.67	29.61	1.33	27.65	8.46
4/1/2019 9:06:03 AM	6.98	0.00	0.75	0.28	0.00	0.00	0.00	0.29	8.00	98.18	3.43	11.40	3700	0	336	8	0	0	0	0	4044	171.13	7.88	2.93	8.85	14.63	10.27	28.87	1.34	27.62	8.46
4/1/2019 9:06:06 AM	7.41	0.00	0.93	0.19	0.00	0.00	0.00	0.14	8.53	98.50	3.47	11.44	3929	0	420	6	0	0	0	0	4355	171.68	7.94	1.82	8.41	13.78	11.17	29.51	1.34	27.63	8.46
4/1/2019 9:06:08 AM	7.54	0.00	1.29	0.00	0.00	0.00	0.00	0.16	8.83	98.24	3.50	11.41	3994	0	581	0	0	0	0	0	4575	171.22	8.33	1.91	8.56	14.46	10.76	30.85	1.34	27.62	8.42
4/1/2019 9:06:11 AM	6.44	0.00	1.49	0.14	0.00	0.00	0.00	0.31	8.07	98.94	3.52	11.33	3416	0	671	4	0	0	0	0	4091	172.44	8.94	2.53	8.27	15.03	10.56	30.04	1.34	27.60	8.52
4/1/2019 9:06:13 AM	8.09	0.00	1.02	0.00	0.00	0.00	0.00	0.09	9.11	98.53	3.54	11.29	4287	0	461	0	0	0	0	0	4748	171.74	7.85	1.81	9.14	13.95	9.89	31.07	1.35	27.63	8.44
4/1/2019 9:06:15 AM	8.01	0.03	0.41	0.10	0.00	0.00	0.00	0.31	8.55	98.50	3.56	11.35	4243	30	183	3	0	0	0	0	4460	171.68	7.26	1.71	8.74	15.34	10.80	30.01	1.35	27.65	8.45
4/1/2019 9:06:18 AM	7.56	0.00	1.39	0.00	0.00	0.00	0.00	0.20	8.95	98.70	3.58	11.39	4005	0	626	0	0	0	0	0	4631	172.02	8.72	2.05	9.09	15.09	10.66	31.59	1.35	27.58	8.50
4/1/2019 9:06:20 AM	7.63	0.00	1.24	0.00	0.00	0.00	0.00	0.19	8.87	97.95	3.61	11.37	4043	0	558	0	0	0	0	0	4601	170.73	8.28	2.48	8.77	14.74	10.11	31.32	1.35	27.60	8.50
4/1/2019 9:06:22 AM	6.98	0.00	1.51	0.00	0.00	0.00	0.00	0.28	8.50	98.45	3.64	11.34	3702	0	680	0	0	0	0	0	4382	171.60	8.83	2.38	8.73	15.26	10.25	30.94	1.36	27.56	8.52
4/1/2019 9:06:25 AM	6.62	0.18	1.25	0.00	0.00	0.00	0.00	0.46	8.05	98.30	3.68	11.34	3507	179	564	0	0	0	0	0	4250	171.33	8.66	2.54	9.30	16.41	10.37	30.17	1.36	27.62	8.42
4/1/2019 9:06:27 AM	7.68	0.02	0.92	0.10	0.00	0.00	0.00	0.23	8.72	98.70	3.70	11.23	4072	25	412	3	0	0	0	0	4512	172.03	8.09	1.67	8.84	15.01	11.09	30.62	1.36	27.60	8.43
4/1/2019 9:06:30 AM	7.26	0.00	0.99	0.25	0.00	0.00	0.00	0.36	8.50	98.27	3.73	11.12	3846	0	447	7	0	0	0	0	4301	171.28	8.76	2.24	8.86	16.07	11.23	31.29	1.37	27.60	8.47
4/1/2019 9:06:32 AM	6.85	0.00	1.74	0.00	0.00	0.00	0.00	0.30	8.59	98.25	3.78	11.05	3633	0	782	0	0	0	0	0	4415	171.24	9.37	2.04	8.57	15.70	10.66	31.77	1.37	27.56	8.49
4/1/2019 9:06:34 AM	6.36	0.30	1.77	0.00	0.00	0.00	0.00	0.36	8.44	98.31	3.81	10.95	3373	305	798	0	0	0	0	0	4476	171.34	9.66	1.90	10.01	15.95	11.46	30.84	1.37	27.56	8.42
4/1/2019 9:06:37 AM	6.69	0.00	1.64	0.07	0.00	0.00	0.00	0.27	8.40	98.71	3.84	10.91	3544	0	738	2	0	0	0	0	4284	172.04	9.11	2.51	8.23	15.07	10.76	30.90	1.38	27.58	8.49
4/1/2019 9:06:39 AM	6.57	0.11	1.71	0.06	0.00	0.00	0.00	0.35	8.45	98.75	3.86	10.85	3480	113	770	2	0	0	0	0	4365	172.11	9.54	2.48	9.29	15.94	10.97	31.30	1.38	27.59	8.46
4/1/2019 9:06:41 AM	7.39	0.11	1.16	0.19	0.00	0.00	0.00	0.23	8.85	99.07	3.89	10.88	3915	110	522	6	0	0	0	0	4553	172.68	8.83	2.43	9.63	15.24	11.54	31.17	1.38	27.58	8.42
4/1/2019 9:06:44 AM	6.92	0.00	1.64	0.11	0.00	0.00	0.00	0.27	8.66	98.53	3.92	10.91	3665	0	738	3	0	0	0	0	4406	171.74	9.44	2.00	8.75	15.48	11.18	31.67	1.38	27.58	8.44
4/1/2019 9:06:46 AM	7.04	0.00	1.78	0.00	0.00	0.00	0.00	0.33	8.82	98.62	3.94	10.97	3734	0	801	0	0	0	0	0	4535	171.88	9.65	2.01	8.66	16.29	10.81	32.88	1.39	27.54	8.48
4/1/2019 9:06:49 AM	6.87	0.11	1.73	0.00	0.00	0.00	0.00	0.32	8.71	98.74	3.95	10.97	3641	107	780	0	0	0	0	0	4528	172.09	9.52	2.40	9.41	16.01	10.96	31.88	1.39	27.56	8.48
4/1/2019 9:06:51 AM	7.28	0.06	1.40	0.00	0.00	0.00	0.00	0.38	8.74	98.78	3.98	10.96	3857	62	631	0	0	0	0	0	4550	172.16	9.11	1.91	9.14	16.59	10.96	32.19	1.39	27.53	8.46
4/1/2019 9:06:53 AM	7.29	0.00	1.72	0.04	0.00	0.00	0.00	0.27	9.05	98.35	4.01	10.94	3865	0	774	1	0	0	0	0	4640	171.42	9.61	2.27	9.01	16.02	11.20	32.94	1.39	27.52	8.45
4/1/2019 9:06:56 AM	7.25	0.00	1.47	0.12	0.00	0.00	0.00	0.32	8.84	99.00	4.04	10.93	3844	0	663	4	0	0	0	0	4511	172.54	9.40	2.37	9.04	16.28	11.18	32.54	1.40	27.53	8.42
4/1/2019 9:06:58 AM	8.06	0.00	1.42	0.03	0.00	0.00	0.00	0.28	9.51	98.45	4.07	10.94	4274	0	638	1	0	0	0	0	4913	171.59	9.35	2.74	9.59	16.79	11.21	34.21	1.40	27.53	8.46
4/1/2019 9:07:00 AM	7.36	0.00	1.79	0.05	0.00	0.00	0.00	0.28	9.20	98.51	4.12	10.91	3902	0	803	2	0	0	0	0	4707	171.69	9.90	2.21	9.10	16.40	11.49	33.64	1.40	27.50	8.45
4/1/2019 9:07:03 AM	8.09	0.00	1.85	0.00	0.00	0.00	0.00	0.18	9.94	99.04	4.14	10.86	4287	0	834	0	0	0	0	0	5121	172.61	9.95	3.10	9.52	16.35	11.33	35.45	1.41	27.51	8.45
4/1/2019 9:07:05 AM	8.31	0.00	2.00	0.00	0.00	0.00	0.00	0.25	10.31	98.52	4.18	10.79	4403	0	901	0	0	0	0	0	5304	171.72	10.75	2.46	10.29	17.73	11.83	37.23	1.41	27.49	8.44
4/1/2019 9:07:08 AM	8.39	0.00	2.20	0.00	0.00	0.00	0.00	0.24	10.59	98.87	4.21	10.81	4448	0	988	0	0	0	0	0	5436	172.33	11.21	2.78	10.50	18.06	11.93	38.36	1.41	27.51	8.42
4/1/2019 9:07:10 AM	8.77	0.00	1.88	0.00	0.00	0.00	0.00	0.30	10.66	98.43	4.23	10.84	4650	0	847	0	0	0	0	0	5497	171.56	10.85	2.73	10.70	18.66	12.17	38.45	1.41	27.49	8.44
4/1/2019 9:07:12 AM	7.99	0.00	1.78	0.30	0.00	0.00	0.00	0.33	10.07	98.74	4.26	10.85	4235	0	800	9	0	0	0	0	5045	172.10	11.12	3.27	10.41	18.21	12.71	37.12	1.42	27.47	8.43
4/1/2019 9:07:15 AM	8.20	0.00	2.04	0.00	0.00	0.00	0.00	0.28	10.24	99.10	4.28	10.85	4348	0	918	0	0	0	0	0	5266	172.73	10.79	2.65	9.88	17.86	12.07	37.29	1.42	27.45	8.42
4/1/2019 9:07:17 AM	8.33	0.00	1.87	0.13	0.00	0.00	0.00	0.24	10.33	98.74	4.31	10.86	4414	0	840	4	0	0	0	0	5258	172.10	10.78	2.93	10.26	17.67	12.46	37.17	1.42	27.45	8.44
4/1/2019 9:07:19 AM	9.07	0.00	1.54	0.10	0.00	0.00	0.00	0.23	10.71	98.55	4.34	10.85	4805	0	693	3	0	0	0	0	5501	171.77	10.31	2.83	10.51	17.94	12.60	37.83	1.42	27.45	8.42
4/1/2019 9:07:22 AM	8.04	0.00	2.39	0.00	0.00	0.00	0.00	0.24	10.42	98.54	4.36	10.83	4259	0	1074	0	0	0	0	0	5333	171.75	11.48	2.79	10.56	17.91	11.91	37.95	1.43	27.44	8.41
4/1/2019 9:07:24 AM	8.28	0.09	2.04	0.00	0.00	0.00	0.00	0.26	10.41	98.79	4.38	10.78	4387	92	918	0	0	0	0	0	5397	172.19	10.93	2.62	10.74	17.95	12.47	37.30	1.43	27.44	8.42
4/1/2019 9:07:27 AM	8.86	0.00	1.86	0.00	0.00	0.00	0.00	0.27	10.72	98.74	4.39	10.73	4696	0	836	0	0	0	0	0	5532	172.10	10.82	1.43	10.28	18.26	11.96	38.75	1.43	27.43	8.44
4/1/2019 9:07:29 AM	8.38	0.00	2.14	0.00	0.00	0.00	0.00	0.30	10.51	98.74	4.41	10.71	4440	0	962	0	0	0	0	0	5402	172.10	11.23	2.62	10.55	18.50	12.00	38.40	1.43	27.41	8.43
4/1/2019 9:07:31 AM	8.27	0.00	2.19	0.00	0.00	0.00	0.00	0.28	10.46	98.82	4.43	10.71	4382	0	987	0	0	0	0	0	5369	172.24	11.23	2.67	10.26	18.28	12.25	38.15	1.43	27.41	8.42
4/1/2019 9:07:34 AM	8.61	0.00	1.66	0.14	0.00	0.00	0.00	0.27	10.42	98.97	4.45	10.72	4565	0	748	4	0	0	0	0	5318	172.50	10.57	3.02	10.59	18.00	12.35	37.37	1.44	27.41	8.43
4/1/2019 9:07:36 AM	8.68	0.00	2.06	0.00	0.00	0.00	0.00	0.22	10.73	98.62	4.48	10.70	4599	0	926	0	0	0	0	0	5525	171.89	10.98	2.62	10.31	17.98	12.38	38.45	1.44	27.38	8.42
4/1/2019 9:07:38 AM	8.54	0.00	2.02	0.01	0.00	0.00	0.00	0.32	10.58	98.44	4.51	10.68	4526	0	910	0	0	0	0	0	5436	171.57	11.17	2.37	10.35	18.83	12.60	38.59	1.44	27.38	8.42
4/1/2019 9:07:41 AM	8.56	0.00	2.01	0.00	0.00	0.00	0.00	0.27	10.57	98.81	4.55	10.66	4535	0	905	0	0	0	0	0	5441	172.22	10.91	2.72	10.20	18.24	12.07	38.34	1.45	27.37	8.44
4/1/2019 9:07:43 AM	8.50	0.00	1.79	0.06	0.00	0.00	0.00	0.31	10.35	98.75	4.60	10.60	4506	0	805	2	0	0	0	0	5313	172.11	10.65	3.01	10.16	18.38	12.27	37.68	1.45	27.38	8.42
4/1/2019 9:07:46 AM	8.02	0.04	2.17	0.00	0.00	0.00	0.00	0.36	10.22	98.75	4.64	10.53	4248	35	975	0	0	0	0	0	5259	172.12	11.29	2.91	10.68	18.78	11.90	37.80	1.45	27.35	8.42
4/1/2019 9:07:48 AM	8.14	0.03	2.05	0.04	0.00	0.00	0.00	0.30	10.27	98.73	4.68	10.51	4313	32	924	1	0	0	0	0	5271	172.08	11.03	3.26	10.73	18.22	11.94	37.40	1.46	27.32	8.40
4/1/2019 9:07:50 AM	8.05	0.00	2.18	0.00	0.00	0.00	0.00	0.28	10.23	98.53	4.72	10.56	4267	0	980	0	0	0	0	0	5246	171.73	11.09	2.70	10.50	17.91	11.45	37.41	1.46	27.32	8.42
4/1/2019 9:07:53 AM	7.98	0.09	2.15	0.00	0.00	0.00	0.00	0.32	10.21	98.41	4.76	10.59	4228	87	966	0	0	0	0	0	5280	171.53	11.20	2.14	10.67	18.27	12.35	37.24	1.47	27.32	8.41
4/1/2019 9:07:55 AM	8.32	0.00	1.96	0.00	0.00	0.00	0.00	0.35	10.28	98.60	4.80	10.59	4412	0	881	0	0	0	0	0	5293	171.85	10.85	2.84	10.18	18.61	11.67	37.95	1.47	27.31	8.40
4/1/2019 9:07:57 AM	8.43	0.00	1.97	0.00	0.00	0.00	0.00	0.23	10.40	98.57	4.82	10.54	4469	0	885	0	0	0	0	0	5354	171.80	10.64	2.94	10.33	17.61	11.77	37.32	1.47	27.30	8.41
4/1/2019 9:08:00 AM	8.38	0.04	2.03	0.01	0.00	0.00	0.00	0.32	10.46	98.91	4.83	10.48	4440	43	914	0	0	0	0	0	5398	172.40	11.11	2.56	10.61	18.63	12.45	38.06	1.47	27.29	8.40
4/1/2019 9:08:02 AM	9.04	0.00	2.12	0.00	0.00	0.00	0.00	0.23	11.16	98.62	4.86	10.47	4793	0	955	0	0	0	0	0	5747	171.89	11.42	2.48	11.05	18.70	12.50	39.92	1.48	27.29	8.40
4/1/2019 9:08:05 AM	8.86	0.00	2.25	0.08	0.00	0.00	0.00	0.22	11.19	98.68	4.86	10.44	4693	0	1014	2	0	0	0	0	5710	171.99	11.83	2.73	10.84	18.75	13.33	40.15	1.48	27.26	8.40
4/1/2019 9:08:07 AM	9.21	0.00	1.77	0.08	0.00	0.00	0.00	0.26	11.05	98.88	4.90	10.49	4882	0	794	2	0	0	0	0	5679	172.34	10.95	2.71	10.79	18.82	12.97	39.42	1.48	27.25	8.40
4/1/2019 9:08:09 AM	8.49	0.04	2.22	0.00	0.00	0.00	0.00	0.25	10.75	98.86	4.94	10.53	4500	41	997	0	0	0	0	0	5538	172.30	11.40	3.06	11.15	18.42	12.25	38.66	1.48	27.24	8.40
4/1/2019 9:08:12 AM	9.01	0.00	2.07	0.00	0.00	0.00	0.00	0.21	11.08	98.75	4.97	10.51	4774	0	932	0	0	0	0	0	5706	172.12	11.19	2.81	10.97	18.35	12.01	39.59	1.49	27.23	8.38
4/1/2019 9:08:14 AM	8.83	0.01	2.05	0.00	0.00	0.00	0.00	0.25	10.89	98.84	4.99	10.49	4678	12	921	0	0	0	0	0	5612	172.27	11.18	2.79	10.93	18.62	12.49	39.01	1.49	27.23	8.40
4/1/2019 9:08:16 AM	8.59	0.00	2.14	0.00	0.00	0.00	0.00	0.30	10.73	98.48	5.01	10.50	4554	0	961	0	0	0	0	0	5515	171.64	11.34	2.79	10.65	18.83	12.18	39.13	1.49	27.20	8.41
4/1/2019 9:08:19 AM	8.20	0.01	2.39	0.00	0.00	0.00	0.00	0.31	10.60	98.69	5.03	10.49	4348	13	1074	0	0	0	0	0	5434	172.00	11.78	2.93	10.91	18.89	12.21	38.95	1.49	27.19	8.38
4/1/2019 9:08:21 AM	8.63	0.00	2.05	0.00	0.00	0.00	0.00	0.37	10.68	98.89	5.05	10.47	4572	0	922	0	0	0	0	0	5494	172.35	11.35	2.73	10.54	19.52	12.47	39.37	1.49	27.19	8.39
4/1/2019 9:08:24 AM	8.70	0.00	2.25	0.08	0.00	0.00	0.00	0.26	11.03	98.84	5.08	10.42	4609	0	1014	2	0	0	0	0	5626	172.27	11.86	3.01	11.15	19.01	12.87	39.92	1.50	27.18	8.39
4/1/2019 9:08:26 AM	9.27	0.00	1.88	0.00	0.00	0.00	0.00	0.26	11.14	98.74	5.10	10.39	4911	0	844	0	0	0	0	0	5755	172.09	11.04	2.97	11.14	19.04	12.50	39.75	1.50	27.16	8.39
4/1/2019 9:08:28 AM	8.66	0.10	2.13	0.00	0.00	0.00	0.00	0.27	10.89	98.84	5.12	10.36	4592	95	960	0	0	0	0	0	5648	172.28	11.43	2.56	11.26	18.72	12.86	38.99	1.50	27.14	8.39
4/1/2019 9:08:31 AM	8.90	0.08	1.79	0.00	0.00	0.00	0.00	0.36	10.78	98.99	5.14	10.36	4719	82	808	0	0	0	0	0	5608	172.53	10.96	2.81	11.23	19.40	12.49	38.99	1.50	27.12	8.40
4/1/2019 9:08:33 AM	8.81	0.00	2.00	0.01	0.00	0.00	0.00	0.29	10.82	98.78	5.16	10.36	4668	0	902	0	0	0	0	0	5570	172.17	11.18	2.85	10.79	18.93	12.47	39.14	1.51	27.12	8.36
4/1/2019 9:08:35 AM	8.79	0.06	1.99	0.00	0.00	0.00	0.00	0.33	10.84	98.90	5.18	10.34	4657	59	896	0	0	0	0	0	5612	172.38	11.29	2.73	11.18	19.33	12.56	39.30	1.51	27.11	8.39
4/1/2019 9:08:38 AM	8.79	0.00	2.20	0.00	0.00	0.00	0.00	0.27	10.99	98.94	5.19	10.33	4660	0	990	0	0	0	0	0	5651	172.44	11.54	2.68	10.80	18.92	12.73	39.70	1.51	27.09	8.38
4/1/2019 9:08:40 AM	9.12	0.00	1.83	0.00	0.00	0.00	0.00	0.32	10.95	98.67	5.22	10.35	4834	0	823	0	0	0	0	0	5657	171.97	10.98	2.87	10.78	19.34	12.54	39.58	1.51	27.09	8.36
4/1/2019 9:08:43 AM	8.78	0.00	2.17	0.00	0.00	0.00	0.00	0.29	10.95	98.79	5.26	10.34	4655	0	975	0	0	0	0	0	5630	172.19	11.52	2.42	10.56	19.06	12.77	39.80	1.52	27.06	8.36
4/1/2019 9:08:45 AM	8.65	0.07	2.29	0.00	0.00	0.00	0.00	0.27	11.00	98.72	5.30	10.30	4582	70	1030	0	0	0	0	0	5682	172.07	11.76	3.10	11.52	19.03	12.58	39.67	1.52	27.05	8.34
4/1/2019 9:08:47 AM	9.26	0.00	1.69	0.11	0.00	0.00	0.00	0.29	11.06	98.82	5.34	10.24	4908	0	760	3	0	0	0	0	5672	172.24	10.96	3.03	10.84	19.11	13.00	39.66	1.52	27.02	8.37
4/1/2019 9:08:50 AM	8.90	0.08	1.97	0.00	0.00	0.00	0.00	0.30	10.96	98.87	5.41	10.08	4719	83	886	0	0	0	0	0	5688	172.33	11.24	2.65	11.35	19.08	12.73	39.27	1.53	27.01	8.36
4/1/2019 9:08:52 AM	10.28	0.00	1.60	0.00	0.00	0.00	0.00	0.26	11.87	98.52	5.48	9.61	5446	0	719	0	0	0	0	0	6165	171.71	10.99	2.56	11.53	19.97	13.27	41.78	1.54	27.00	8.36
4/1/2019 9:08:55 AM	9.76	0.00	1.72	0.00	0.00	0.00	0.00	0.24	11.47	99.11	5.55	9.31	5172	0	772	0	0	0	0	0	5944	172.74	10.84	2.66	10.87	19.11	13.06	40.49	1.54	26.99	8.35
4/1/2019 9:08:57 AM	9.61	0.00	1.37	0.12	0.00	0.00	0.00	0.28	11.10	98.99	5.63	9.13	5093	0	615	4	0	0	0	0	5711	172.54	10.44	2.72	10.78	19.03	13.10	39.35	1.55	26.99	8.35
4/1/2019 9:08:59 AM	9.39	0.00	1.60	0.03	0.00	0.00	0.00	0.33	11.03	98.93	5.69	9.03	4978	0	722	1	0	0	0	0	5700	172.43	10.73	2.66	10.85	19.45	12.73	39.61	1.56	26.95	8.34
4/1/2019 9:09:02 AM	9.34	0.00	1.48	0.15	0.00	0.00	0.00	0.31	10.98	99.04	5.76	9.18	4952	0	668	5	0	0	0	0	5625	172.62	10.74	2.93	10.97	19.20	12.97	39.35	1.56	26.94	8.35
4/1/2019 9:09:04 AM	9.77	0.00	1.54	0.03	0.00	0.00	0.00	0.32	11.33	98.86	5.82	9.24	5176	0	691	1	0	0	0	0	5868	172.31	10.71	2.96	10.80	19.76	13.03	40.55	1.57	26.92	8.35
4/1/2019 9:09:06 AM	10.20	0.00	1.27	0.04	0.00	0.00	0.00	0.31	11.50	98.88	5.88	9.17	5404	0	570	1	0	0	0	0	5976	172.34	10.39	2.60	11.16	19.86	13.11	40.63	1.58	26.91	8.37
4/1/2019 9:09:09 AM	10.05	0.00	1.50	0.00	0.00	0.00	0.00	0.26	11.55	99.03	5.91	9.05	5325	0	674	0	0	0	0	0	6000	172.61	10.56	2.83	11.20	19.41	12.66	40.71	1.58	26.88	8.33
4/1/2019 9:09:11 AM	10.06	0.05	1.36	0.00	0.00	0.00	0.00	0.32	11.47	98.85	5.95	9.15	5333	50	612	0	0	0	0	0	5996	172.28	10.47	2.81	11.53	19.90	12.92	40.49	1.58	26.85	8.34
4/1/2019 9:09:14 AM	10.18	0.01	1.44	0.00	0.00	0.00	0.00	0.30	11.63	98.87	5.98	9.28	5395	5	650	0	0	0	0	0	6050	172.32	10.64	2.85	11.49	19.94	12.91	41.03	1.59	26.86	8.34
4/1/2019 9:09:16 AM	9.95	0.06	1.59	0.05	0.00	0.00	0.00	0.30	11.65	98.84	6.00	9.32	5274	60	715	2	0	0	0	0	6051	172.27	11.08	2.68	11.65	20.00	13.52	41.19	1.59	26.83	8.34
4/1/2019 9:09:18 AM	10.13	0.04	1.28	0.10	0.00	0.00	0.00	0.36	11.55	98.83	6.03	9.45	5367	40	575	3	0	0	0	0	5985	172.25	10.74	2.63	11.54	20.40	13.49	41.08	1.59	26.81	8.34
4/1/2019 9:09:21 AM	10.30	0.06	1.39	0.00	0.00	0.00	0.00	0.27	11.75	99.18	6.08	9.61	5459	65	625	0	0	0	0	0	6149	172.86	10.59	2.70	11.87	19.79	13.13	40.99	1.60	26.79	8.34
4/1/2019 9:09:23 AM	11.04	0.00	1.24	0.00	0.00	0.00	0.00	0.32	12.28	98.95	6.16	9.54	5852	0	556	0	0	0	0	0	6408	172.46	10.70	2.72	11.82	20.98	13.39	43.14	1.60	26.78	8.34
4/1/2019 9:09:25 AM	10.70	0.09	1.25	0.00	0.00	0.00	0.00	0.37	12.04	99.05	6.24	9.30	5672	89	561	0	0	0	0	0	6323	172.64	10.73	3.01	12.17	21.12	13.50	42.43	1.61	26.76	8.32
4/1/2019 9:09:28 AM	10.81	0.00	0.94	0.21	0.00	0.00	0.00	0.36	11.96	98.92	6.35	9.13	5731	0	422	6	0	0	0	0	6159	172.41	10.61	2.96	11.91	20.96	13.83	42.25	1.62	26.74	8.32
4/1/2019 9:09:30 AM	11.63	0.09	0.83	0.00	0.00	0.00	0.00	0.30	12.56	99.02	6.44	8.66	6166	87	374	0	0	0	0	0	6627	172.58	10.13	2.86	12.44	21.10	13.89	43.11	1.63	26.74	8.33
4/1/2019 9:09:33 AM	10.72	0.20	0.87	0.01	0.00	0.00	0.00	0.35	11.81	99.09	6.52	8.39	5682	200	393	0	0	0	0	0	6276	172.71	9.93	2.98	12.31	20.44	13.63	40.80	1.64	26.72	8.34
4/1/2019 9:09:35 AM	10.49	0.19	0.82	0.00	0.00	0.00	0.00	0.37	11.49	99.06	6.60	8.49	5558	192	367	0	0	0	0	0	6117	172.65	9.66	3.01	12.06	20.25	13.22	39.94	1.65	26.70	8.32
4/1/2019 9:09:37 AM	10.44	0.26	0.74	0.03	0.00	0.00	0.00	0.35	11.47	99.19	6.66	8.50	5536	256	334	1	0	0	0	0	6126	172.88	9.55	2.87	12.19	19.94	13.59	39.45	1.65	26.66	8.32
4/1/2019 9:09:40 AM	10.49	0.24	0.54	0.09	0.00	0.00	0.00	0.36	11.37	99.33	6.71	8.61	5559	240	245	3	0	0	0	0	6047	173.12	9.32	3.05	12.19	19.88	13.52	39.09	1.66	26.65	8.32
4/1/2019 9:09:42 AM	10.35	0.18	0.48	0.15	0.00	0.00	0.00	0.36	11.16	99.13	6.81	8.59	5484	179	215	5	0	0	0	0	5883	172.78	9.21	2.93	11.83	19.59	13.37	38.57	1.67	26.62	8.32
4/1/2019 9:09:44 AM	10.52	0.23	0.57	0.00	0.00	0.00	0.00	0.35	11.32	99.13	6.83	8.44	5577	233	256	0	0	0	0	0	6066	172.78	9.09	2.79	12.06	19.69	13.12	38.81	1.67	26.59	8.30
4/1/2019 9:09:47 AM	10.36	0.21	0.57	0.11	0.00	0.00	0.00	0.36	11.24	99.32	6.88	8.55	5491	208	256	3	0	0	0	0	5958	173.11	9.31	3.08	12.01	19.72	13.33	38.83	1.67	26.59	8.31
4/1/2019 9:09:49 AM	10.44	0.20	0.47	0.08	0.00	0.00	0.00	0.35	11.18	99.30	6.93	8.62	5532	195	211	2	0	0	0	0	5940	173.08	8.99	2.80	11.77	19.43	13.22	38.38	1.68	26.56	8.30
4/1/2019 9:09:52 AM	10.44	0.24	0.56	0.00	0.00	0.00	0.00	0.39	11.24	99.13	7.00	8.53	5532	240	253	0	0	0	0	0	6026	172.77	9.10	2.86	11.94	19.89	13.17	38.78	1.69	26.54	8.32
4/1/2019 9:09:54 AM	10.22	0.22	0.41	0.11	0.00	0.00	0.00	0.34	10.97	99.26	7.08	8.32	5419	221	185	3	0	0	0	0	5828	173.00	8.84	2.67	11.67	19.03	13.31	37.55	1.69	26.52	8.29
4/1/2019 9:09:56 AM	9.31	0.24	0.31	0.20	0.00	0.00	0.00	0.38	10.06	99.22	7.16	8.14	4932	244	140	6	0	0	0	0	5322	172.94	8.44	2.80	11.18	18.13	12.79	34.86	1.70	26.48	8.30
4/1/2019 9:09:59 AM	9.48	0.27	0.47	0.08	0.00	0.00	0.00	0.34	10.30	99.38	7.26	8.11	5024	273	213	2	0	0	0	0	5513	173.22	8.47	2.67	11.29	18.04	12.76	35.27	1.71	26.46	8.30
4/1/2019 9:10:01 AM	9.40	0.31	0.47	0.04	0.00	0.00	0.00	0.36	10.23	99.33	7.29	8.21	4982	313	213	1	0	0	0	0	5509	173.12	8.39	2.68	11.34	18.11	12.72	35.04	1.71	26.44	8.29
4/1/2019 9:10:03 AM	9.60	0.38	0.65	0.00	0.00	0.00	0.00	0.38	10.63	99.36	7.34	8.27	5087	384	291	0	0	0	0	0	5761	173.18	8.90	2.93	12.04	18.87	13.07	36.43	1.72	26.44	8.27
4/1/2019 9:10:06 AM	9.35	0.34	0.54	0.00	0.00	0.00	0.00	0.39	10.23	99.37	7.43	8.35	4954	341	244	0	0	0	0	0	5538	173.20	8.52	2.59	11.46	18.45	12.69	35.27	1.73	26.41	8.27
4/1/2019 9:10:08 AM	9.71	0.33	0.39	0.04	0.00	0.00	0.00	0.37	10.47	99.34	7.55	8.41	5144	332	176	1	0	0	0	0	5653	173.14	8.42	2.48	11.51	18.50	13.09	35.71	1.74	26.39	8.29
4/1/2019 9:10:11 AM	8.08	0.29	0.34	0.21	0.00	0.00	0.00	0.39	8.91	99.39	7.68	8.16	4282	291	151	6	0	0	0	0	4731	173.23	7.87	2.77	10.45	16.64	11.96	31.20	1.75	26.36	8.27
4/1/2019 9:10:13 AM	6.21	0.37	0.48	0.03	0.00	0.00	0.00	0.36	7.10	99.68	7.81	7.68	3293	372	218	1	0	0	0	0	3884	173.74	6.53	2.05	8.83	13.59	10.33	24.79	1.77	26.33	8.27
4/1/2019 9:10:15 AM	4.95	0.29	0.16	0.15	0.00	0.00	0.00	0.35	5.55	100.00	8.15	7.35	2624	290	71	4	0	0	0	0	2990	174.36	5.29	1.96	7.42	11.31	8.95	19.74	1.80	26.32	8.27
4/1/2019 9:10:18 AM	4.12	0.37	0.32	0.05	0.00	0.00	0.00	0.34	4.86	100.00	8.44	7.24	2184	372	142	2	0	0	0	0	2699	174.63	4.92	1.80	7.00	10.18	8.40	17.30	1.83	26.29	8.27
4/1/2019 9:10:20 AM	4.07	0.44	0.31	0.00	0.00	0.00	0.00	0.37	4.82	100.00	8.58	7.20	2157	438	139	0	0	0	0	0	2734	174.63	4.87	1.71	7.27	10.42	8.33	17.18	1.84	26.26	8.25
4/1/2019 9:10:22 AM	4.31	0.36	0.09	0.12	0.00	0.00	0.00	0.36	4.87	100.00	8.73	7.26	2282	356	41	4	0	0	0	0	2682	174.81	4.71	1.86	7.04	10.33	8.48	17.31	1.86	26.23	8.28
4/1/2019 9:10:25 AM	4.10	0.42	0.34	0.02	0.00	0.00	0.00	0.35	4.88	100.00	8.86	7.41	2175	419	153	0	0	0	0	0	2747	174.97	4.91	1.75	7.12	10.26	8.50	17.27	1.87	26.22	8.25
4/1/2019 9:10:27 AM	3.28	0.34	0.07	0.13	0.00	0.00	0.00	0.33	3.82	100.00	9.08	7.19	1738	342	31	4	0	0	0	0	2115	175.12	4.02	1.61	6.08	8.55	7.62	13.75	1.89	26.20	8.24
4/1/2019 9:10:30 AM	2.36	0.37	0.00	0.15	0.00	0.00	0.00	0.34	2.88	100.00	9.27	6.81	1249	374	0	4	0	0	0	0	1627	175.33	3.41	1.51	5.42	7.34	6.96	10.68	1.91	26.15	8.25
4/1/2019 9:10:32 AM	2.27	0.43	0.00	0.04	0.00	0.00	0.00	0.35	2.74	100.00	9.58	6.76	1205	426	0	1	0	0	0	0	1632	175.59	3.03	1.31	5.22	7.15	6.86	10.03	1.94	26.15	8.23
4/1/2019 9:10:34 AM	1.66	0.42	0.15	0.06	0.00	0.00	0.00	0.35	2.29	100.00	9.85	6.72	878	420	69	2	0	0	0	0	1369	175.66	3.17	1.39	5.00	6.57	6.41	8.82	1.96	26.10	8.23
4/1/2019 9:10:37 AM	1.84	0.39	0.00	0.15	0.00	0.00	0.00	0.35	2.37	100.00	9.87	6.73	974	387	0	4	0	0	0	0	1365	175.82	3.12	1.44	5.03	6.67	6.60	9.07	1.97	26.07	8.23
4/1/2019 9:10:39 AM	1.73	0.46	0.16	0.00	0.00	0.00	0.00	0.37	2.35	100.00	9.89	6.81	917	465	72	0	0	0	0	0	1453	175.46	3.10	1.55	5.25	6.78	6.27	8.95	1.97	26.04	8.23
4/1/2019 9:10:41 AM	2.22	0.42	0.00	0.05	0.00	0.00	0.00	0.35	2.69	100.00	9.97	6.86	1178	417	0	1	0	0	0	0	1597	175.90	3.11	1.07	5.15	7.07	6.85	9.90	1.98	26.02	8.23
4/1/2019 9:10:44 AM	2.01	0.38	0.16	0.09	0.00	0.00	0.00	0.36	2.63	100.00	10.10	6.95	1066	376	70	3	0	0	0	0	1514	176.02	3.43	1.61	5.23	7.16	6.52	10.11	1.99	25.97	8.22
4/1/2019 9:10:46 AM	2.14	0.41	0.01	0.04	0.00	0.00	0.00	0.36	2.60	100.00	10.15	6.97	1135	410	5	1	0	0	0	0	1551	175.82	3.04	1.44	5.20	7.05	6.48	9.70	1.99	25.94	8.21
4/1/2019 9:10:49 AM	2.14	0.44	0.02	0.05	0.00	0.00	0.00	0.37	2.66	100.00	10.18	7.03	1136	442	11	2	0	0	0	0	1591	175.96	3.17	1.38	5.35	7.18	6.75	9.89	2.00	25.94	8.22
4/1/2019 9:10:51 AM	2.27	0.44	0.00	0.02	0.00	0.00	0.00	0.36	2.73	100.00	10.29	7.11	1202	445	0	1	0	0	0	0	1648	175.81	3.01	1.23	5.25	7.20	6.85	9.98	2.01	25.89	8.21
4/1/2019 9:10:53 AM	2.19	0.50	0.07	0.00	0.00	0.00	0.00	0.37	2.76	100.00	10.37	7.05	1163	500	30	0	0	0	0	0	1693	175.63	3.21	1.45	5.62	7.38	6.83	10.11	2.02	25.86	8.19
4/1/2019 9:10:56 AM	2.22	0.39	0.03	0.08	0.00	0.00	0.00	0.34	2.72	100.00	10.46	7.00	1178	392	12	2	0	0	0	0	1584	176.05	3.22	1.29	5.22	7.07	6.78	10.08	2.03	25.83	8.22
4/1/2019 9:10:58 AM	2.17	0.39	0.08	0.08	0.00	0.00	0.00	0.34	2.71	100.00	10.55	7.06	1148	385	35	2	0	0	0	0	1570	175.94	3.29	1.28	5.18	7.07	6.75	10.11	2.03	25.80	8.20
4/1/2019 9:11:00 AM	2.23	0.41	0.03	0.08	0.00	0.00	0.00	0.35	2.75	100.00	10.64	7.03	1184	414	12	2	0	0	0	0	1611	175.88	3.25	1.40	5.35	7.21	6.81	10.19	2.04	25.77	8.18
4/1/2019 9:11:03 AM	2.22	0.49	0.00	0.00	0.00	0.00	0.00	0.38	2.71	100.00	10.71	6.92	1179	489	0	0	0	0	0	0	1668	175.41	2.94	1.31	5.45	7.36	6.87	9.94	2.05	25.71	8.19
4/1/2019 9:11:05 AM	2.07	0.49	0.15	0.00	0.00	0.00	0.00	0.37	2.71	100.00	10.78	7.00	1097	491	66	0	0	0	0	0	1654	175.99	3.30	1.51	5.56	7.29	6.76	10.03	2.06	25.70	8.18
4/1/2019 9:11:08 AM	2.26	0.46	0.00	0.03	0.00	0.00	0.00	0.37	2.75	100.00	10.86	7.11	1199	457	0	1	0	0	0	0	1657	175.98	3.14	1.36	5.43	7.30	6.85	10.10	2.06	25.66	8.19
4/1/2019 9:11:10 AM	2.13	0.45	0.14	0.04	0.00	0.00	0.00	0.35	2.75	100.00	10.92	7.15	1129	447	61	1	0	0	0	0	1638	176.00	3.36	1.40	5.44	7.20	6.83	10.19	2.07	25.63	8.17
4/1/2019 9:11:12 AM	1.73	1.31	0.17	0.00	0.00	0.00	0.00	0.00	3.20	39.25	11.09	7.03	916	1305	75	0	0	0	0	0	2297	68.47	3.03	1.40	10.17	3.58	8.34	6.32	2.09	25.60	8.19
