Date/Time	Green Algae	Bluegreen	Diatoms	Cryptophyta	#5	#6	#7	Yellow substances	Total conc.	Transmission	Depth	Temp. Sample	Green Algae	Bluegreen	Diatoms	Cryptophyta	#5	#6	#7	Yellow substances	Total cell count	Trans. 700 nm	LED 3 [525 nm]	LED 4 [570 nm]	LED 5 [610 nm]	LED 6 [370 nm]	LED 7 [590 nm]	LED 8 [470 nm]	Pressure	Temp. LEDs	Temp. Sensor
date	µg/l	µg/l	µg/l	µg/l	µg/l	µg/l	µg/l	r.u.	µg/l	%	m	°C	cells/ml	cells/ml	cells/ml	cells/ml	cells/ml	cells/ml	cells/ml	r.u.	cells/ml	digits	digits	digits	digits	digits	digits	digits	bar	°C	°C
5/16/2019 1:47:58 PM	1.62	0.00	1.74	0.38	0.00	0.00	0.00	0.25	3.74	99.28	0.46	20.34	857	0	785	11	0	0	0	0	1653	173.04	6.93	3.32	2.95	8.11	8.36	16.73	1.04	40.26	12.68
5/16/2019 1:48:00 PM	1.93	0.00	1.43	0.76	0.00	0.00	0.00	0.26	4.12	100.00	0.57	20.10	1023	0	642	23	0	0	0	0	1688	175.07	7.85	4.21	6.40	9.11	8.25	17.63	1.06	40.32	12.69
5/16/2019 1:48:03 PM	1.41	0.00	3.46	0.07	0.00	0.00	0.00	0.08	4.94	100.00	0.68	19.68	748	0	1558	2	0	0	0	0	2308	176.70	9.79	2.22	4.94	8.67	8.56	20.56	1.07	40.37	12.70
5/16/2019 1:48:05 PM	2.70	0.00	2.17	0.00	0.00	0.00	0.00	0.00	4.87	100.00	0.81	19.35	1429	0	979	0	0	0	0	0	2407	174.77	6.82	2.75	5.01	6.45	6.12	18.77	1.08	40.42	12.68
5/16/2019 1:48:07 PM	1.06	0.00	3.76	0.00	0.00	0.00	0.00	0.14	4.82	99.39	0.93	19.31	563	0	1690	0	0	0	0	0	2253	173.23	10.20	0.26	3.56	8.74	8.08	21.59	1.09	40.45	12.70
5/16/2019 1:48:10 PM	1.14	0.00	2.50	0.00	0.00	0.00	0.00	0.51	3.64	99.20	1.02	19.25	603	0	1127	0	0	0	0	0	1730	172.90	8.11	2.04	3.38	10.64	6.35	19.06	1.10	40.52	12.74
5/16/2019 1:48:12 PM	5.39	0.04	0.00	0.51	0.00	0.00	0.00	0.23	5.94	100.00	1.13	19.12	2855	38	0	15	0	0	0	0	2909	177.51	5.09	2.35	6.53	10.98	10.32	21.05	1.11	40.58	12.73
5/16/2019 1:48:14 PM	1.16	0.00	3.15	0.00	0.00	0.00	0.00	0.26	4.31	100.00	1.25	18.94	613	0	1419	0	0	0	0	0	2032	177.08	8.77	3.06	2.91	8.89	6.01	20.71	1.12	40.64	12.73
5/16/2019 1:48:17 PM	1.01	0.00	2.84	0.00	0.00	0.00	0.00	0.40	3.85	100.00	1.41	18.73	534	0	1278	0	0	0	0	0	1812	175.58	9.05	-0.98	4.99	10.18	6.77	18.81	1.14	40.65	12.75
5/16/2019 1:48:19 PM	3.79	0.00	2.13	0.18	0.00	0.00	0.00	0.00	6.10	100.00	1.52	18.42	2008	0	960	5	0	0	0	0	2974	174.49	7.95	3.18	6.44	8.08	8.83	22.64	1.15	40.72	12.72
5/16/2019 1:48:22 PM	1.64	0.00	2.74	0.00	0.00	0.00	0.00	0.19	4.38	100.00	1.63	18.44	870	0	1234	0	0	0	0	0	2105	175.36	8.52	-1.70	3.51	8.62	8.90	18.77	1.16	40.72	12.76
5/16/2019 1:48:24 PM	3.57	0.00	2.54	0.00	0.00	0.00	0.00	0.00	6.11	100.00	1.77	18.38	1893	0	1144	0	0	0	0	0	3036	176.50	8.55	-1.19	7.29	7.02	6.37	23.87	1.17	40.79	12.74
5/16/2019 1:48:26 PM	3.98	0.00	1.19	0.00	0.00	0.00	0.00	0.36	5.16	100.00	1.91	18.19	2107	0	534	0	0	0	0	0	2641	175.82	6.38	1.30	5.23	10.87	6.06	21.32	1.19	40.82	12.76
5/16/2019 1:48:29 PM	3.78	0.00	1.61	0.40	0.00	0.00	0.00	0.00	5.79	99.83	2.02	18.16	2003	0	723	12	0	0	0	0	2738	173.99	7.14	4.90	5.33	7.85	9.07	21.39	1.20	40.85	12.79
5/16/2019 1:48:31 PM	1.98	0.00	3.80	0.00	0.00	0.00	0.00	0.00	5.78	100.00	2.11	18.19	1048	0	1711	0	0	0	0	0	2759	175.63	9.75	5.13	3.55	7.56	7.27	24.61	1.21	40.90	12.78
5/16/2019 1:48:33 PM	5.99	0.00	0.36	0.54	0.00	0.00	0.00	0.04	6.89	100.00	2.20	18.39	3175	0	162	16	0	0	0	0	3353	176.30	6.57	2.12	7.67	10.38	10.43	23.14	1.22	40.93	12.77
5/16/2019 1:48:36 PM	2.83	0.00	3.12	0.00	0.00	0.00	0.00	0.32	5.95	100.00	2.29	18.48	1497	0	1405	0	0	0	0	0	2902	176.73	10.42	2.00	8.42	12.19	4.82	25.81	1.22	40.96	12.78
5/16/2019 1:48:38 PM	3.25	0.00	2.89	0.37	0.00	0.00	0.00	0.27	6.51	100.00	2.40	18.39	1724	0	1301	11	0	0	0	0	3036	179.45	11.00	2.87	7.34	12.82	10.40	26.65	1.24	40.97	12.78
5/16/2019 1:48:41 PM	7.40	0.00	1.78	0.00	0.00	0.00	0.00	0.00	9.18	100.00	2.51	18.16	3920	0	803	0	0	0	0	0	4723	175.22	8.80	-0.08	6.74	12.07	12.68	32.18	1.25	41.02	12.77
5/16/2019 1:48:43 PM	3.87	0.00	3.46	0.00	0.00	0.00	0.00	0.14	7.34	100.00	2.60	18.20	2051	0	1559	0	0	0	0	0	3610	175.41	11.14	1.66	6.45	12.26	8.80	29.47	1.25	41.04	12.81
5/16/2019 1:48:45 PM	6.07	0.00	2.42	0.00	0.00	0.00	0.00	0.00	8.50	100.00	2.68	18.19	3220	0	1089	0	0	0	0	0	4309	175.88	9.14	2.72	8.25	9.43	7.80	32.14	1.26	41.05	12.80
5/16/2019 1:48:48 PM	5.09	0.00	4.09	0.00	0.00	0.00	0.00	0.02	9.17	100.00	2.82	17.28	2695	0	1839	0	0	0	0	0	4534	176.33	12.96	1.17	6.60	13.66	11.42	35.41	1.28	41.08	12.80
5/16/2019 1:48:50 PM	3.83	0.00	4.82	0.00	0.00	0.00	0.00	0.20	8.65	100.00	2.95	16.53	2031	0	2168	0	0	0	0	0	4198	175.68	14.39	2.08	6.75	14.92	10.44	36.15	1.29	41.10	12.81
5/16/2019 1:48:53 PM	5.20	0.00	4.55	0.00	0.00	0.00	0.00	0.08	9.75	100.00	3.10	16.34	2754	0	2049	0	0	0	0	0	4802	175.74	14.25	2.33	7.82	15.19	11.18	38.27	1.30	41.10	12.80
5/16/2019 1:48:55 PM	5.64	0.00	4.40	0.00	0.00	0.00	0.00	0.13	10.04	100.00	3.26	15.71	2992	0	1978	0	0	0	0	0	4970	176.10	14.46	2.21	9.05	16.43	11.87	38.92	1.32	41.14	12.82
5/16/2019 1:48:57 PM	4.78	0.00	4.89	0.00	0.00	0.00	0.00	0.12	9.67	100.00	3.38	15.30	2532	0	2202	0	0	0	0	0	4734	177.26	15.13	2.40	9.21	15.93	11.27	38.20	1.33	41.13	12.82
5/16/2019 1:49:00 PM	5.86	0.00	4.78	0.00	0.00	0.00	0.00	0.06	10.64	100.00	3.48	15.32	3105	0	2150	0	0	0	0	0	5255	175.82	15.24	2.92	9.74	16.53	11.51	40.94	1.34	41.14	12.81
5/16/2019 1:49:02 PM	4.77	0.00	4.89	0.00	0.00	0.00	0.00	0.21	9.66	100.00	3.61	15.30	2530	0	2200	0	0	0	0	0	4730	177.04	15.14	4.03	8.77	16.79	11.33	38.99	1.35	41.15	12.82
5/16/2019 1:49:04 PM	5.97	0.00	4.32	0.00	0.00	0.00	0.00	0.19	10.29	100.00	3.74	15.18	3161	0	1946	0	0	0	0	0	5107	176.35	14.76	2.46	10.31	17.58	12.23	39.60	1.37	41.16	12.80
5/16/2019 1:49:07 PM	5.19	0.00	5.23	0.00	0.00	0.00	0.00	0.08	10.41	100.00	3.86	15.32	2749	0	2352	0	0	0	0	0	5101	176.60	16.08	3.43	10.28	16.91	12.69	40.17	1.38	41.16	12.82
5/16/2019 1:49:09 PM	5.84	0.00	5.17	0.00	0.00	0.00	0.00	0.15	11.01	100.00	3.94	14.97	3097	0	2325	0	0	0	0	0	5422	176.76	16.50	3.39	10.75	18.38	12.73	42.80	1.39	41.16	12.84
5/16/2019 1:49:12 PM	5.93	0.00	5.36	0.00	0.00	0.00	0.00	0.15	11.29	100.00	4.04	15.10	3141	0	2413	0	0	0	0	0	5554	175.93	17.16	2.15	11.18	18.83	13.25	43.84	1.40	41.17	12.82
5/16/2019 1:49:14 PM	5.67	0.00	4.90	0.24	0.00	0.00	0.00	0.31	10.81	100.00	4.13	15.15	3004	0	2206	7	0	0	0	0	5217	176.65	17.02	3.22	10.87	19.95	14.55	43.07	1.40	41.17	12.82
5/16/2019 1:49:16 PM	6.22	0.17	5.27	0.00	0.00	0.00	0.00	0.26	11.65	100.00	4.24	14.50	3295	165	2371	0	0	0	0	0	5831	178.19	17.55	3.03	12.36	20.56	14.91	44.90	1.42	41.16	12.82
5/16/2019 1:49:19 PM	4.53	0.29	6.03	0.08	0.00	0.00	0.00	0.42	10.93	100.00	4.35	14.05	2403	290	2711	2	0	0	0	0	5407	176.22	19.07	4.38	12.85	21.41	14.75	44.55	1.43	41.16	12.82
5/16/2019 1:49:21 PM	4.92	0.18	5.41	0.30	0.00	0.00	0.00	0.26	10.81	100.00	4.46	12.99	2608	184	2433	9	0	0	0	0	5234	177.32	18.05	3.35	12.13	19.50	15.28	42.67	1.44	41.15	12.84
5/16/2019 1:49:24 PM	5.23	0.49	5.26	0.08	0.00	0.00	0.00	0.42	11.05	100.00	4.55	12.50	2770	486	2368	2	0	0	0	0	5625	176.40	17.86	3.38	13.16	21.17	15.88	43.43	1.45	41.13	12.83
5/16/2019 1:49:26 PM	5.88	0.44	5.56	0.00	0.00	0.00	0.00	0.24	11.89	100.00	4.65	12.91	3119	440	2504	0	0	0	0	0	6063	175.78	18.29	2.90	13.74	20.59	16.03	45.06	1.46	41.09	12.84
5/16/2019 1:49:28 PM	5.87	0.41	5.73	0.00	0.00	0.00	0.00	0.23	12.01	100.00	4.75	13.26	3114	411	2577	0	0	0	0	0	6102	176.76	18.57	3.72	13.78	20.83	15.92	45.73	1.47	41.09	12.82
5/16/2019 1:49:31 PM	5.32	0.25	5.77	0.30	0.00	0.00	0.00	0.31	11.65	100.00	4.86	13.12	2822	254	2598	9	0	0	0	0	5682	176.72	19.37	3.56	13.13	21.26	16.42	46.01	1.48	41.09	12.84
5/16/2019 1:49:33 PM	5.25	0.27	5.09	0.84	0.00	0.00	0.00	0.39	11.45	100.00	4.97	13.07	2783	271	2292	25	0	0	0	0	5370	176.22	19.60	4.44	13.92	21.80	17.65	45.82	1.49	41.08	12.82
5/16/2019 1:49:35 PM	5.65	0.21	5.00	0.58	0.00	0.00	0.00	0.36	11.44	100.00	5.08	13.19	2996	208	2250	17	0	0	0	0	5472	176.55	18.65	4.39	13.40	21.44	16.36	45.32	1.50	41.03	12.82
5/16/2019 1:49:38 PM	6.16	0.56	5.51	0.39	0.00	0.00	0.00	0.22	12.61	100.00	5.17	13.18	3265	557	2478	12	0	0	0	0	6312	176.26	19.49	4.43	15.29	21.46	18.12	47.29	1.51	41.02	12.81
5/16/2019 1:49:40 PM	6.25	0.48	4.96	0.79	0.00	0.00	0.00	0.31	12.47	100.00	5.26	13.61	3313	477	2231	24	0	0	0	0	6046	175.56	19.67	4.48	15.33	22.25	19.04	47.64	1.52	40.98	12.82
5/16/2019 1:49:43 PM	5.63	0.53	4.87	1.06	0.00	0.00	0.00	0.31	12.09	100.00	5.38	12.94	2985	528	2189	32	0	0	0	0	5734	175.70	19.94	5.38	15.82	21.70	19.35	46.44	1.53	40.97	12.82
5/16/2019 1:49:45 PM	5.60	0.47	4.11	1.60	0.00	0.00	0.00	0.32	11.78	100.00	5.48	11.53	2966	468	1851	48	0	0	0	0	5332	175.99	19.80	5.85	16.07	21.44	20.33	45.49	1.54	40.96	12.82
5/16/2019 1:49:47 PM	5.61	0.80	4.43	1.12	0.00	0.00	0.00	0.36	11.96	100.00	5.59	11.42	2975	802	1994	33	0	0	0	0	5804	176.20	19.43	5.56	16.77	21.82	20.25	45.26	1.55	40.92	12.79
5/16/2019 1:49:50 PM	5.26	1.06	5.12	0.65	0.00	0.00	0.00	0.37	12.10	100.00	5.72	11.45	2785	1064	2306	20	0	0	0	0	6174	175.68	19.71	4.71	16.99	21.96	20.40	45.28	1.56	40.87	12.82
5/16/2019 1:49:52 PM	5.35	0.54	3.26	1.80	0.00	0.00	0.00	0.34	10.96	100.00	5.85	10.71	2835	542	1468	54	0	0	0	0	4900	175.69	18.36	5.75	15.80	20.23	20.35	42.02	1.57	40.85	12.81
5/16/2019 1:49:54 PM	4.58	0.82	3.34	1.73	0.00	0.00	0.00	0.44	10.48	100.00	5.96	10.27	2427	820	1505	52	0	0	0	0	4804	175.71	18.33	6.42	16.59	20.38	20.42	40.49	1.58	40.80	12.81
5/16/2019 1:49:57 PM	5.62	0.54	2.54	2.27	0.00	0.00	0.00	0.29	10.97	100.00	6.05	10.63	2978	538	1145	68	0	0	0	0	4728	175.99	18.09	6.45	16.47	19.64	21.38	41.32	1.59	40.76	12.82
5/16/2019 1:49:59 PM	4.68	0.69	2.94	2.12	0.00	0.00	0.00	0.41	10.44	100.00	6.16	11.33	2482	687	1324	64	0	0	0	0	4557	175.68	18.48	6.53	16.51	20.12	21.13	40.49	1.60	40.71	12.81
5/16/2019 1:50:02 PM	3.82	1.07	3.53	1.75	0.00	0.00	0.00	0.42	10.17	100.00	6.27	11.39	2025	1074	1590	52	0	0	0	0	4741	175.69	18.55	6.46	17.24	19.66	21.20	38.88	1.61	40.65	12.81
5/16/2019 1:50:04 PM	2.88	1.07	3.04	2.38	0.00	0.00	0.00	0.53	9.37	100.00	6.38	10.64	1527	1070	1368	71	0	0	0	0	4036	174.87	19.06	7.35	17.59	19.72	22.23	37.36	1.62	40.62	12.81
5/16/2019 1:50:06 PM	2.55	0.99	2.95	2.86	0.00	0.00	0.00	0.52	9.35	99.71	6.49	10.43	1352	993	1327	86	0	0	0	0	3758	173.79	20.03	8.36	18.19	19.76	23.12	37.88	1.64	40.59	12.79
5/16/2019 1:50:09 PM	3.02	0.95	3.01	2.85	0.00	0.00	0.00	0.47	9.83	100.00	6.62	9.96	1603	951	1353	86	0	0	0	0	3993	174.64	20.28	8.15	18.32	20.00	23.49	39.23	1.65	40.52	12.78
5/16/2019 1:50:11 PM	2.60	1.28	3.09	2.91	0.00	0.00	0.00	0.48	9.87	100.00	6.73	9.52	1377	1280	1391	87	0	0	0	0	4135	174.30	20.67	8.78	19.76	19.96	24.66	38.65	1.66	40.46	12.82
5/16/2019 1:50:14 PM	2.19	1.30	2.97	3.07	0.00	0.00	0.00	0.52	9.53	99.72	6.84	9.43	1163	1299	1335	92	0	0	0	0	3889	173.80	20.78	8.80	19.74	19.91	25.00	37.87	1.67	40.44	12.79
5/16/2019 1:50:16 PM	2.34	1.30	2.94	2.94	0.00	0.00	0.00	0.46	9.52	99.44	6.91	9.47	1242	1298	1324	88	0	0	0	0	3952	173.31	20.20	9.16	19.72	19.19	24.22	37.14	1.68	40.36	12.77
5/16/2019 1:50:18 PM	1.54	1.32	2.73	3.21	0.00	0.00	0.00	0.50	8.80	99.54	7.04	9.37	816	1316	1229	96	0	0	0	0	3457	173.49	20.19	9.37	19.57	18.56	24.49	35.14	1.69	40.29	12.79
5/16/2019 1:50:21 PM	2.17	1.32	2.85	2.66	0.00	0.00	0.00	0.45	8.99	99.52	7.15	9.26	1148	1316	1281	80	0	0	0	0	3825	173.46	18.98	8.63	18.86	18.22	22.98	34.87	1.70	40.25	12.78
5/16/2019 1:50:23 PM	2.37	1.15	2.19	2.97	0.00	0.00	0.00	0.45	8.67	99.46	7.28	9.55	1255	1150	984	89	0	0	0	0	3478	173.35	18.35	8.67	18.35	17.79	22.95	33.91	1.71	40.20	12.73
5/16/2019 1:50:25 PM	2.15	1.20	2.30	2.80	0.00	0.00	0.00	0.43	8.44	99.29	7.37	9.65	1138	1202	1034	84	0	0	0	0	3457	173.06	17.96	8.43	18.08	17.23	22.45	32.82	1.72	40.12	12.73
5/16/2019 1:50:28 PM	2.05	1.02	1.82	3.05	0.00	0.00	0.00	0.45	7.94	99.16	7.50	9.44	1087	1015	819	91	0	0	0	0	3013	172.83	17.41	8.65	17.37	16.70	21.92	31.54	1.73	40.07	12.73
5/16/2019 1:50:30 PM	1.88	1.00	2.00	2.54	0.00	0.00	0.00	0.41	7.43	99.15	7.66	9.00	998	1004	901	76	0	0	0	0	2979	172.81	16.07	7.48	15.98	15.45	20.19	29.25	1.75	39.99	12.72
5/16/2019 1:50:33 PM	1.67	1.00	2.16	2.65	0.00	0.00	0.00	0.43	7.47	99.05	7.81	9.00	884	995	974	79	0	0	0	0	2933	172.64	16.70	7.83	16.24	15.86	20.47	29.93	1.77	39.90	12.75
5/16/2019 1:50:35 PM	1.94	0.94	1.76	2.61	0.00	0.00	0.00	0.43	7.26	99.08	7.97	9.16	1027	943	792	78	0	0	0	0	2841	172.69	15.77	7.37	15.65	15.44	20.05	28.85	1.78	39.84	12.71
5/16/2019 1:50:37 PM	1.36	1.01	1.87	2.37	0.00	0.00	0.00	0.43	6.61	98.63	8.09	9.03	722	1007	840	71	0	0	0	0	2640	171.91	14.96	7.21	15.07	14.39	18.90	26.40	1.79	39.74	12.71
5/16/2019 1:50:40 PM	1.72	0.96	1.84	2.40	0.00	0.00	0.00	0.42	6.92	98.85	8.21	9.11	913	956	828	72	0	0	0	0	2769	172.30	15.12	7.06	15.09	14.74	19.15	27.44	1.80	39.72	12.69
5/16/2019 1:50:42 PM	1.67	0.98	1.68	2.27	0.00	0.00	0.00	0.39	6.60	98.52	8.29	9.13	886	977	756	68	0	0	0	0	2687	171.72	14.24	7.15	14.81	13.92	18.32	25.81	1.81	39.62	12.69
5/16/2019 1:50:45 PM	1.74	1.00	2.03	2.06	0.00	0.00	0.00	0.38	6.83	98.65	8.37	9.30	924	1002	912	62	0	0	0	0	2900	171.94	14.46	6.52	14.62	14.14	18.30	26.55	1.82	39.55	12.67
5/16/2019 1:50:47 PM	1.79	0.94	1.65	2.13	0.00	0.00	0.00	0.40	6.51	98.75	8.53	9.41	948	944	742	64	0	0	0	0	2698	172.12	13.81	6.52	14.24	13.84	17.92	25.48	1.84	39.48	12.67
5/16/2019 1:50:49 PM	1.66	0.97	1.55	2.10	0.00	0.00	0.00	0.40	6.29	98.52	8.63	9.26	881	974	700	63	0	0	0	0	2617	171.71	13.42	6.52	14.12	13.47	17.65	24.52	1.85	39.41	12.67
5/16/2019 1:50:52 PM	1.56	0.87	1.50	2.14	0.00	0.00	0.00	0.40	6.08	98.61	8.77	9.32	826	871	675	64	0	0	0	0	2437	171.87	13.29	6.54	13.67	13.22	17.22	24.12	1.86	39.34	12.66
5/16/2019 1:50:54 PM	1.37	0.88	1.48	2.06	0.00	0.00	0.00	0.39	5.79	98.36	8.91	9.21	724	883	666	62	0	0	0	0	2334	171.44	12.86	6.34	13.32	12.75	16.78	23.02	1.87	39.27	12.65
5/16/2019 1:50:56 PM	1.63	0.90	1.40	1.84	0.00	0.00	0.00	0.38	5.78	98.28	9.01	9.01	864	903	630	55	0	0	0	0	2453	171.30	12.12	6.01	13.02	12.44	16.15	22.43	1.88	39.15	12.64
5/16/2019 1:50:59 PM	1.68	0.84	1.41	1.85	0.00	0.00	0.00	0.38	5.78	98.27	9.14	9.07	893	840	633	56	0	0	0	0	2422	171.28	12.15	6.00	12.82	12.55	15.96	22.69	1.90	39.11	12.63
5/16/2019 1:51:01 PM	1.60	0.88	1.35	1.84	0.00	0.00	0.00	0.35	5.66	98.23	9.27	9.02	846	878	609	55	0	0	0	0	2388	171.21	11.87	6.09	12.86	12.01	15.84	21.86	1.91	39.03	12.61
5/16/2019 1:51:04 PM	1.54	0.82	1.27	1.76	0.00	0.00	0.00	0.36	5.39	98.32	9.38	8.80	819	823	572	53	0	0	0	0	2266	171.37	11.40	5.52	12.16	11.73	15.39	21.06	1.92	38.96	12.61
5/16/2019 1:51:06 PM	1.45	0.79	1.20	1.90	0.00	0.00	0.00	0.38	5.33	98.23	9.49	8.79	768	789	539	57	0	0	0	0	2152	171.20	11.62	5.89	12.29	11.91	15.51	21.21	1.93	38.89	12.60
5/16/2019 1:51:08 PM	1.65	0.81	1.35	1.72	0.00	0.00	0.00	0.37	5.54	98.18	9.58	8.94	877	814	609	51	0	0	0	0	2351	171.12	11.55	5.61	12.25	12.08	15.32	21.69	1.94	38.77	12.58
5/16/2019 1:51:11 PM	1.99	0.92	1.36	1.59	0.00	0.00	0.00	0.36	5.86	98.08	9.69	9.13	1053	921	613	48	0	0	0	0	2635	170.95	11.43	5.74	12.79	12.30	15.48	22.19	1.95	38.69	12.58
5/16/2019 1:51:13 PM	1.83	0.84	1.27	1.66	0.00	0.00	0.00	0.39	5.60	98.06	9.82	9.12	968	838	572	50	0	0	0	0	2427	170.91	11.34	5.55	12.30	12.23	15.27	21.75	1.96	38.64	12.56
5/16/2019 1:51:15 PM	1.85	0.73	1.07	1.58	0.00	0.00	0.00	0.36	5.24	97.86	9.95	8.94	980	734	482	47	0	0	0	0	2244	170.57	10.48	5.12	11.40	11.43	14.38	20.35	1.97	38.56	12.56
5/16/2019 1:51:18 PM	2.03	0.85	1.19	1.61	0.00	0.00	0.00	0.38	5.68	97.90	10.09	8.92	1076	855	534	48	0	0	0	0	2513	170.63	11.12	5.42	12.31	12.28	15.27	21.80	1.99	38.49	12.56
5/16/2019 1:51:20 PM	2.06	0.88	1.11	1.60	0.00	0.00	0.00	0.40	5.65	97.60	10.21	8.94	1091	882	500	48	0	0	0	0	2521	170.11	10.96	5.52	12.41	12.32	15.21	21.61	2.00	38.37	12.54
