Date/Time	Green Algae	Bluegreen	Diatoms	Cryptophyta	#5	#6	#7	Yellow substances	Total conc.	Transmission	Depth	Temp. Sample	Green Algae	Bluegreen	Diatoms	Cryptophyta	#5	#6	#7	Yellow substances	Total cell count	Trans. 700 nm	LED 3 [525 nm]	LED 4 [570 nm]	LED 5 [610 nm]	LED 6 [370 nm]	LED 7 [590 nm]	LED 8 [470 nm]	Pressure	Temp. LEDs	Temp. Sensor
date	µg/l	µg/l	µg/l	µg/l	µg/l	µg/l	µg/l	r.u.	µg/l	%	m	°C	cells/ml	cells/ml	cells/ml	cells/ml	cells/ml	cells/ml	cells/ml	r.u.	cells/ml	digits	digits	digits	digits	digits	digits	digits	bar	°C	°C
3/18/2019 10:50:19 AM	2.76	0.37	1.13	0.00	0.00	0.00	0.00	0.29	4.26	100.00	0.33	12.76	1464	369	508	0	0	0	0	0	2342	175.66	5.95	-0.47	5.90	9.07	8.95	15.93	1.03	32.93	11.17
3/18/2019 10:50:21 AM	4.14	0.09	0.00	0.00	0.00	0.00	0.00	0.32	4.22	100.00	0.36	9.20	2193	86	0	0	0	0	0	0	2279	178.26	2.63	0.93	4.94	9.41	7.25	15.57	1.04	32.98	11.15
3/18/2019 10:50:23 AM	4.30	0.00	0.12	0.73	0.00	0.00	0.00	0.16	5.15	100.00	0.36	9.25	2279	0	52	22	0	0	0	0	2353	177.98	5.99	0.81	6.11	9.13	10.26	18.44	1.04	32.95	11.17
3/18/2019 10:50:26 AM	3.36	0.00	0.92	0.19	0.00	0.00	0.00	0.34	4.47	100.00	0.36	9.44	1779	0	414	6	0	0	0	0	2199	178.01	5.96	2.28	5.35	10.03	7.37	18.08	1.03	32.99	11.20
3/18/2019 10:50:28 AM	2.73	0.51	0.00	0.42	0.00	0.00	0.00	0.94	3.66	100.00	0.36	9.60	1447	514	0	13	0	0	0	0	1974	177.76	6.10	2.10	7.12	14.56	9.55	17.92	1.04	33.00	11.21
3/18/2019 10:50:31 AM	1.02	0.15	2.44	0.00	0.00	0.00	0.00	0.62	3.62	100.00	0.41	9.38	541	153	1099	0	0	0	0	0	1794	178.63	8.73	1.13	6.25	12.09	6.58	18.69	1.04	32.99	11.22
3/18/2019 10:50:33 AM	3.12	0.06	0.87	0.60	0.00	0.00	0.00	0.28	4.64	100.00	0.45	9.31	1653	57	389	18	0	0	0	0	2118	180.37	7.02	1.02	6.03	9.76	9.73	18.31	1.04	33.02	11.17
3/18/2019 10:50:35 AM	4.42	0.00	0.00	0.60	0.00	0.00	0.00	0.49	5.02	100.00	0.50	9.28	2342	0	0	18	0	0	0	0	2360	176.23	6.39	2.46	4.96	11.88	9.33	20.77	1.05	33.00	11.21
3/18/2019 10:50:38 AM	5.22	0.00	0.00	0.20	0.00	0.00	0.00	0.43	5.42	100.00	0.58	9.20	2766	0	0	6	0	0	0	0	2772	178.38	5.00	1.06	5.59	12.07	8.87	20.71	1.06	33.01	11.17
3/18/2019 10:50:40 AM	4.65	0.18	0.46	0.01	0.00	0.00	0.00	0.35	5.30	100.00	0.64	9.42	2466	181	207	0	0	0	0	0	2854	177.27	5.36	0.82	6.28	11.06	8.55	19.47	1.06	32.99	11.18
3/18/2019 10:50:42 AM	4.30	0.81	0.70	0.00	0.00	0.00	0.00	0.38	5.81	100.00	0.71	9.73	2281	813	314	0	0	0	0	0	3408	176.28	6.31	2.32	9.98	11.81	10.07	19.84	1.07	32.99	11.20
3/18/2019 10:50:45 AM	3.93	0.28	0.31	0.45	0.00	0.00	0.00	0.43	4.96	100.00	0.77	9.50	2083	277	140	13	0	0	0	0	2513	178.38	6.22	1.91	7.23	11.50	9.66	19.13	1.08	33.01	11.18
3/18/2019 10:50:47 AM	5.05	0.39	0.09	0.00	0.00	0.00	0.00	0.50	5.53	100.00	0.83	9.13	2676	393	39	0	0	0	0	0	3108	176.42	5.44	0.29	8.72	12.67	8.00	20.30	1.08	32.99	11.18
3/18/2019 10:50:50 AM	5.61	0.22	0.21	0.00	0.00	0.00	0.00	0.19	6.05	100.00	0.89	9.41	2974	224	96	0	0	0	0	0	3294	178.34	4.98	1.34	7.96	10.39	7.99	20.14	1.09	33.00	11.22
3/18/2019 10:50:52 AM	6.04	0.16	0.00	0.11	0.00	0.00	0.00	0.10	6.32	100.00	0.96	9.95	3201	164	0	3	0	0	0	0	3369	177.82	4.25	3.38	7.62	9.94	8.42	20.36	1.09	33.00	11.20
3/18/2019 10:50:54 AM	3.94	0.24	1.23	0.00	0.00	0.00	0.00	0.31	5.41	100.00	0.99	10.12	2091	241	551	0	0	0	0	0	2883	176.86	6.71	1.71	7.58	11.00	7.94	20.22	1.10	33.01	11.22
3/18/2019 10:50:57 AM	4.82	0.48	0.49	0.00	0.00	0.00	0.00	0.39	5.79	100.00	1.03	10.25	2553	481	220	0	0	0	0	0	3254	178.97	6.12	-0.10	9.30	11.99	8.61	20.49	1.10	32.99	11.20
3/18/2019 10:50:59 AM	3.56	0.00	0.51	0.72	0.00	0.00	0.00	0.41	4.80	100.00	1.08	10.49	1889	0	232	22	0	0	0	0	2142	176.90	7.02	2.12	6.25	11.28	9.59	19.81	1.11	33.00	11.20
3/18/2019 10:51:01 AM	5.26	0.00	0.00	0.45	0.00	0.00	0.00	0.29	5.71	100.00	1.14	10.55	2786	0	0	14	0	0	0	0	2799	176.09	5.77	2.38	6.32	10.98	8.96	20.95	1.11	32.96	11.20
3/18/2019 10:51:04 AM	5.08	0.16	0.32	0.00	0.00	0.00	0.00	0.30	5.56	100.00	1.18	10.65	2692	164	144	0	0	0	0	0	3000	177.18	5.14	0.76	6.53	10.92	8.48	19.80	1.12	32.95	11.20
3/18/2019 10:51:06 AM	5.51	0.26	0.00	0.41	0.00	0.00	0.00	0.11	6.18	100.00	1.22	10.73	2919	261	0	12	0	0	0	0	3193	177.66	5.43	0.55	7.31	9.82	11.16	20.09	1.12	32.95	11.20
3/18/2019 10:51:09 AM	5.15	0.46	0.00	0.22	0.00	0.00	0.00	0.41	5.83	100.00	1.28	10.86	2728	462	0	6	0	0	0	0	3197	177.68	5.37	2.37	8.26	12.20	10.09	20.52	1.13	32.95	11.18
3/18/2019 10:51:11 AM	4.95	0.10	0.82	0.00	0.00	0.00	0.00	0.22	5.87	100.00	1.31	10.98	2626	97	370	0	0	0	0	0	3093	178.33	5.94	1.91	7.14	10.70	7.83	20.91	1.13	32.95	11.18
3/18/2019 10:51:13 AM	5.72	0.22	0.07	0.00	0.00	0.00	0.00	0.31	6.01	100.00	1.36	10.95	3033	220	30	0	0	0	0	0	3283	177.54	4.93	1.74	7.56	11.53	8.32	20.82	1.13	32.93	11.19
3/18/2019 10:51:16 AM	4.31	0.16	1.18	0.00	0.00	0.00	0.00	0.30	5.65	100.00	1.42	10.80	2285	156	531	0	0	0	0	0	2973	178.38	6.70	1.75	7.21	11.30	8.09	21.11	1.14	32.91	11.18
3/18/2019 10:51:18 AM	4.94	0.40	0.75	0.00	0.00	0.00	0.00	0.30	6.09	100.00	1.47	10.72	2617	397	339	0	0	0	0	0	3353	178.58	6.29	1.07	8.09	11.58	9.62	21.29	1.14	32.88	11.18
3/18/2019 10:51:20 AM	3.49	0.26	1.98	0.00	0.00	0.00	0.00	0.21	5.73	100.00	1.51	10.56	1850	258	891	0	0	0	0	0	3000	177.59	8.01	1.45	7.47	10.62	9.02	21.29	1.15	32.88	11.18
3/18/2019 10:51:23 AM	5.28	0.00	0.00	0.30	0.00	0.00	0.00	0.34	5.58	100.00	1.55	10.14	2800	0	0	9	0	0	0	0	2809	178.03	4.88	2.11	5.46	11.37	9.15	20.75	1.15	32.87	11.17
3/18/2019 10:51:25 AM	3.00	0.15	1.65	0.00	0.00	0.00	0.00	0.51	4.81	100.00	1.60	9.89	1592	150	744	0	0	0	0	0	2486	177.46	7.64	0.79	5.92	12.36	8.56	20.67	1.16	32.84	11.17
3/18/2019 10:51:28 AM	3.67	0.06	0.46	0.36	0.00	0.00	0.00	0.63	4.55	100.00	1.63	9.92	1944	61	207	11	0	0	0	0	2223	177.78	6.50	1.56	6.04	13.07	8.56	20.07	1.16	32.81	11.17
3/18/2019 10:51:30 AM	4.24	0.00	0.63	0.58	0.00	0.00	0.00	0.27	5.45	100.00	1.66	10.08	2247	0	283	17	0	0	0	0	2547	175.96	6.88	2.78	7.09	10.82	9.08	20.71	1.16	32.78	11.16
3/18/2019 10:51:32 AM	5.75	0.40	0.32	0.00	0.00	0.00	0.00	0.17	6.47	100.00	1.70	10.34	3045	397	146	0	0	0	0	0	3588	177.71	5.30	2.65	8.97	10.69	8.73	20.94	1.17	32.75	11.14
3/18/2019 10:51:35 AM	5.52	0.01	0.00	0.54	0.00	0.00	0.00	0.23	6.08	100.00	1.76	10.51	2926	12	0	16	0	0	0	0	2954	177.04	5.63	2.38	7.04	11.18	9.92	21.60	1.17	32.71	11.14
3/18/2019 10:51:37 AM	4.83	0.28	0.58	0.20	0.00	0.00	0.00	0.32	5.89	100.00	1.81	10.51	2563	280	259	6	0	0	0	0	3108	178.19	6.29	2.32	7.86	11.60	9.37	21.18	1.18	32.68	11.17
3/18/2019 10:51:39 AM	5.05	0.14	0.53	0.21	0.00	0.00	0.00	0.29	5.92	100.00	1.85	10.48	2674	136	238	6	0	0	0	0	3054	175.88	6.12	2.46	7.44	11.48	8.73	21.43	1.18	32.68	11.14
3/18/2019 10:51:42 AM	3.99	0.02	0.70	0.50	0.00	0.00	0.00	0.40	5.20	100.00	1.88	10.12	2114	20	314	15	0	0	0	0	2462	176.62	7.08	1.54	6.47	11.80	9.45	20.90	1.18	32.63	11.13
3/18/2019 10:51:44 AM	4.99	0.07	1.03	0.00	0.00	0.00	0.00	0.18	6.09	100.00	1.94	10.12	2645	69	465	0	0	0	0	0	3179	177.20	6.46	0.91	7.55	10.67	7.80	21.60	1.19	32.62	11.11
3/18/2019 10:51:47 AM	4.39	0.23	1.12	0.00	0.00	0.00	0.00	0.40	5.75	100.00	1.99	10.16	2327	231	506	0	0	0	0	0	3064	178.01	6.95	1.10	7.07	12.34	9.16	21.92	1.20	32.57	11.12
3/18/2019 10:51:49 AM	5.68	0.12	0.17	0.12	0.00	0.00	0.00	0.24	6.09	100.00	2.04	10.01	3010	121	75	4	0	0	0	0	3210	177.69	5.23	1.59	7.06	11.01	8.82	21.03	1.20	32.57	11.11
3/18/2019 10:51:51 AM	4.95	0.00	0.47	0.28	0.00	0.00	0.00	0.35	5.70	100.00	2.10	10.03	2621	0	213	9	0	0	0	0	2842	178.26	6.16	2.28	6.44	11.78	8.66	21.67	1.21	32.49	11.11
3/18/2019 10:51:54 AM	5.14	0.00	0.79	0.18	0.00	0.00	0.00	0.24	6.11	100.00	2.17	10.31	2724	0	355	5	0	0	0	0	3084	177.73	6.50	1.63	6.77	11.33	8.84	22.26	1.21	32.47	11.10
3/18/2019 10:51:56 AM	5.88	0.02	0.45	0.00	0.00	0.00	0.00	0.29	6.35	100.00	2.23	10.26	3114	22	202	0	0	0	0	0	3338	178.40	5.82	1.09	7.46	12.07	7.83	22.78	1.22	32.44	11.09
3/18/2019 10:51:59 AM	4.01	0.14	1.23	0.22	0.00	0.00	0.00	0.37	5.60	100.00	2.29	10.05	2127	140	554	7	0	0	0	0	2827	176.56	7.48	1.98	7.10	12.03	9.15	21.89	1.22	32.42	11.08
3/18/2019 10:52:01 AM	4.54	0.22	1.47	0.00	0.00	0.00	0.00	0.27	6.23	100.00	2.34	9.75	2409	219	659	0	0	0	0	0	3287	176.97	7.52	1.30	7.67	11.79	9.25	22.85	1.23	32.37	11.10
3/18/2019 10:52:03 AM	6.36	0.24	0.87	0.00	0.00	0.00	0.00	0.15	7.47	100.00	2.40	9.65	3368	244	393	0	0	0	0	0	4005	176.83	6.90	1.27	8.67	12.17	10.15	25.12	1.24	32.34	11.08
3/18/2019 10:52:06 AM	5.45	0.10	0.91	0.00	0.00	0.00	0.00	0.19	6.46	100.00	2.47	9.85	2891	96	410	0	0	0	0	0	3397	177.19	6.42	1.33	7.31	11.31	8.79	22.71	1.24	32.31	11.06
3/18/2019 10:52:08 AM	4.79	0.00	0.58	0.65	0.00	0.00	0.00	0.33	6.01	100.00	2.53	10.16	2537	0	259	19	0	0	0	0	2815	177.73	7.46	2.53	7.50	12.20	10.02	22.98	1.25	32.25	11.07
3/18/2019 10:52:10 AM	5.74	0.25	0.87	0.02	0.00	0.00	0.00	0.25	6.88	100.00	2.60	10.13	3041	249	393	1	0	0	0	0	3683	176.85	6.78	1.80	8.13	12.32	9.84	24.01	1.26	32.23	11.07
3/18/2019 10:52:13 AM	4.93	0.00	0.72	0.43	0.00	0.00	0.00	0.36	6.07	100.00	2.66	9.52	2612	0	323	13	0	0	0	0	2948	177.21	7.25	2.60	7.27	12.61	9.35	23.39	1.26	32.17	11.04
3/18/2019 10:52:15 AM	4.45	0.04	0.83	0.58	0.00	0.00	0.00	0.38	5.91	100.00	2.72	9.12	2360	44	372	17	0	0	0	0	2794	176.98	7.84	2.67	7.63	12.67	9.90	23.19	1.27	32.14	11.01
3/18/2019 10:52:18 AM	5.13	0.07	0.76	0.27	0.00	0.00	0.00	0.32	6.23	100.00	2.75	9.17	2718	70	342	8	0	0	0	0	3139	177.11	6.94	2.21	7.45	12.30	9.27	23.15	1.27	32.10	11.04
3/18/2019 10:52:20 AM	4.51	0.00	1.20	0.43	0.00	0.00	0.00	0.26	6.14	100.00	2.80	9.36	2390	0	541	13	0	0	0	0	2945	176.80	7.95	1.70	6.79	11.77	10.16	23.42	1.27	32.05	11.03
3/18/2019 10:52:22 AM	4.94	0.19	0.95	0.12	0.00	0.00	0.00	0.44	6.20	100.00	2.84	9.71	2616	192	428	4	0	0	0	0	3240	177.35	7.22	2.71	7.95	13.45	9.05	23.76	1.28	32.02	11.01
3/18/2019 10:52:25 AM	5.78	0.06	0.53	0.32	0.00	0.00	0.00	0.29	6.69	100.00	2.88	9.88	3061	64	240	10	0	0	0	0	3375	178.13	6.91	1.70	7.62	12.64	10.07	24.25	1.28	31.98	10.99
3/18/2019 10:52:27 AM	5.76	0.31	0.88	0.00	0.00	0.00	0.00	0.22	6.95	100.00	2.92	9.99	3053	310	395	0	0	0	0	0	3757	177.94	6.76	1.42	8.36	12.09	10.10	23.81	1.29	31.93	11.00
3/18/2019 10:52:29 AM	5.61	0.20	0.78	0.00	0.00	0.00	0.00	0.34	6.60	100.00	2.97	9.97	2974	204	353	0	0	0	0	0	3531	176.67	6.69	2.20	8.61	12.96	8.43	23.90	1.29	31.89	10.99
3/18/2019 10:52:32 AM	4.42	0.27	1.27	0.27	0.00	0.00	0.00	0.39	6.22	100.00	3.03	9.57	2344	268	570	8	0	0	0	0	3190	178.07	8.10	2.69	8.35	13.12	10.02	23.82	1.30	31.85	10.97
3/18/2019 10:52:34 AM	4.85	0.00	1.59	0.00	0.00	0.00	0.00	0.17	6.44	100.00	3.08	9.26	2571	0	713	0	0	0	0	0	3285	177.34	7.43	1.69	6.47	11.18	8.89	23.58	1.30	31.78	10.99
3/18/2019 10:52:37 AM	5.43	0.00	0.57	0.46	0.00	0.00	0.00	0.35	6.47	100.00	3.14	9.20	2878	0	259	14	0	0	0	0	3150	177.43	7.35	2.08	7.55	13.06	10.00	24.43	1.31	31.74	10.97
3/18/2019 10:52:39 AM	5.44	0.08	0.95	0.00	0.00	0.00	0.00	0.37	6.48	100.00	3.19	9.22	2885	82	429	0	0	0	0	0	3397	176.74	6.92	1.92	7.42	13.19	8.74	24.30	1.31	31.70	10.97
3/18/2019 10:52:41 AM	6.21	0.07	0.69	0.00	0.00	0.00	0.00	0.20	6.97	100.00	3.22	9.21	3294	70	311	0	0	0	0	0	3674	176.13	6.40	0.91	7.92	12.04	8.83	24.20	1.32	31.66	10.94
3/18/2019 10:52:44 AM	5.53	0.04	0.15	0.52	0.00	0.00	0.00	0.30	6.24	100.00	3.26	9.35	2931	40	69	16	0	0	0	0	3056	177.32	6.49	1.70	7.37	12.07	10.18	22.74	1.32	31.59	10.97
3/18/2019 10:52:46 AM	6.89	0.04	0.23	0.00	0.00	0.00	0.00	0.31	7.17	100.00	3.29	9.62	3654	40	106	0	0	0	0	0	3800	176.82	5.94	1.41	8.21	13.34	8.49	25.25	1.32	31.56	10.94
3/18/2019 10:52:48 AM	6.10	0.11	1.11	0.00	0.00	0.00	0.00	0.14	7.32	100.00	3.35	9.39	3235	106	500	0	0	0	0	0	3841	177.33	7.14	1.20	7.79	11.96	9.91	25.21	1.33	31.52	10.93
3/18/2019 10:52:51 AM	4.51	0.12	1.71	0.06	0.00	0.00	0.00	0.30	6.40	100.00	3.43	8.95	2388	122	771	2	0	0	0	0	3282	177.07	8.17	2.62	7.76	12.55	8.96	24.31	1.34	31.46	10.93
3/18/2019 10:52:53 AM	5.20	0.05	1.30	0.00	0.00	0.00	0.00	0.30	6.55	100.00	3.59	8.82	2758	45	586	0	0	0	0	0	3389	177.29	7.44	1.64	7.49	12.66	8.64	24.45	1.35	31.43	10.92
3/18/2019 10:52:56 AM	5.20	0.07	1.41	0.00	0.00	0.00	0.00	0.21	6.68	100.00	3.69	8.63	2755	72	637	0	0	0	0	0	3463	177.70	7.54	1.27	7.85	11.92	8.69	24.19	1.36	31.38	10.90
3/18/2019 10:52:58 AM	5.01	0.14	1.04	0.20	0.00	0.00	0.00	0.41	6.38	100.00	3.76	8.64	2653	140	466	6	0	0	0	0	3265	176.96	7.59	2.65	7.95	13.47	9.35	24.43	1.37	31.33	10.88
3/18/2019 10:53:00 AM	4.70	0.31	1.50	0.00	0.00	0.00	0.00	0.45	6.51	100.00	3.82	8.82	2489	315	673	0	0	0	0	0	3477	177.63	8.29	1.24	8.53	14.06	9.78	25.01	1.37	31.27	10.88
3/18/2019 10:53:03 AM	4.92	0.00	1.16	0.39	0.00	0.00	0.00	0.42	6.48	100.00	3.88	8.99	2609	0	524	12	0	0	0	0	3144	176.90	8.40	2.35	7.59	13.89	9.92	25.63	1.38	31.24	10.87
3/18/2019 10:53:05 AM	5.33	0.07	1.38	0.12	0.00	0.00	0.00	0.29	6.91	100.00	3.95	8.96	2827	74	621	4	0	0	0	0	3526	176.83	8.02	2.49	7.98	13.16	9.42	25.71	1.39	31.20	10.86
3/18/2019 10:53:07 AM	5.31	0.13	1.32	0.20	0.00	0.00	0.00	0.36	6.96	100.00	3.99	8.77	2813	132	596	6	0	0	0	0	3546	178.03	8.37	2.17	8.19	13.89	10.22	26.28	1.39	31.13	10.85
3/18/2019 10:53:10 AM	5.34	0.00	1.20	0.20	0.00	0.00	0.00	0.38	6.75	100.00	4.00	8.78	2833	0	542	6	0	0	0	0	3380	177.78	8.02	2.15	7.27	13.84	9.69	26.09	1.39	31.08	10.83
3/18/2019 10:53:12 AM	5.29	0.16	1.58	0.00	0.00	0.00	0.00	0.25	7.03	100.00	4.06	8.91	2805	156	711	0	0	0	0	0	3672	177.00	8.13	1.44	8.02	12.81	9.83	25.59	1.40	31.06	10.84
3/18/2019 10:53:15 AM	4.80	0.04	1.30	0.36	0.00	0.00	0.00	0.26	6.51	100.00	4.09	8.99	2544	40	586	11	0	0	0	0	3181	176.83	8.19	2.42	7.76	12.35	9.83	24.46	1.40	30.97	10.84
3/18/2019 10:53:17 AM	5.45	0.14	0.86	0.17	0.00	0.00	0.00	0.33	6.61	100.00	4.16	9.08	2886	139	388	5	0	0	0	0	3418	176.81	7.21	1.57	7.64	12.96	9.95	24.34	1.41	30.93	10.80
3/18/2019 10:53:19 AM	5.42	0.07	1.25	0.11	0.00	0.00	0.00	0.29	6.85	100.00	4.21	9.03	2873	69	562	3	0	0	0	0	3507	176.31	7.71	2.20	7.79	12.96	9.42	25.31	1.41	30.88	10.82
3/18/2019 10:53:22 AM	4.92	0.05	0.71	0.52	0.00	0.00	0.00	0.42	6.21	100.00	4.24	8.95	2608	54	322	16	0	0	0	0	2999	176.49	7.80	1.89	7.54	13.40	10.42	24.22	1.42	30.86	10.78
3/18/2019 10:53:24 AM	5.52	0.10	1.07	0.14	0.00	0.00	0.00	0.28	6.83	100.00	4.27	9.08	2925	99	483	4	0	0	0	0	3511	177.06	7.47	2.25	7.92	12.83	9.54	24.97	1.42	30.79	10.82
3/18/2019 10:53:26 AM	4.55	0.25	1.70	0.00	0.00	0.00	0.00	0.28	6.50	100.00	4.32	9.19	2409	255	763	0	0	0	0	0	3427	178.14	8.12	1.82	8.14	12.41	9.53	24.03	1.42	30.75	10.78
3/18/2019 10:53:29 AM	5.66	0.19	1.30	0.00	0.00	0.00	0.00	0.31	7.15	100.00	4.37	9.21	3002	194	583	0	0	0	0	0	3779	177.14	7.87	1.52	8.39	13.54	9.87	26.05	1.43	30.70	10.77
3/18/2019 10:53:31 AM	5.44	0.14	1.52	0.00	0.00	0.00	0.00	0.25	7.10	100.00	4.41	9.07	2883	140	684	0	0	0	0	0	3706	177.42	8.10	1.40	8.48	12.91	9.33	25.78	1.43	30.66	10.76
3/18/2019 10:53:34 AM	5.38	0.18	1.30	0.00	0.00	0.00	0.00	0.26	6.86	100.00	4.45	9.05	2852	184	583	0	0	0	0	0	3619	177.45	7.50	1.87	7.95	12.60	9.62	24.73	1.44	30.61	10.73
3/18/2019 10:53:36 AM	5.07	0.12	1.21	0.00	0.00	0.00	0.00	0.38	6.40	100.00	4.49	9.13	2690	118	543	0	0	0	0	0	3350	177.11	7.43	1.61	7.95	13.17	8.47	24.26	1.44	30.55	10.76
3/18/2019 10:53:38 AM	5.99	0.02	1.20	0.00	0.00	0.00	0.00	0.23	7.21	100.00	4.52	9.04	3176	19	541	0	0	0	0	0	3737	177.32	7.45	1.42	7.58	12.85	9.43	25.97	1.44	30.50	10.73
3/18/2019 10:53:41 AM	5.33	0.19	1.47	0.00	0.00	0.00	0.00	0.30	6.98	100.00	4.54	8.95	2822	186	662	0	0	0	0	0	3670	177.43	8.04	1.52	7.99	13.27	10.01	25.67	1.45	30.48	10.75
3/18/2019 10:53:43 AM	5.21	0.00	1.28	0.23	0.00	0.00	0.00	0.32	6.73	100.00	4.58	8.98	2760	5	577	7	0	0	0	0	3349	176.76	8.12	1.81	7.46	13.24	9.81	25.57	1.45	30.42	10.71
3/18/2019 10:53:45 AM	5.10	0.12	1.43	0.00	0.00	0.00	0.00	0.34	6.65	100.00	4.61	9.02	2702	122	645	0	0	0	0	0	3469	177.05	7.85	1.83	7.78	13.23	9.15	25.07	1.45	30.37	10.69
3/18/2019 10:53:48 AM	5.49	0.00	0.76	0.34	0.00	0.00	0.00	0.31	6.59	100.00	4.65	9.09	2908	0	340	10	0	0	0	0	3259	177.01	7.30	2.30	7.55	12.79	9.60	24.55	1.46	30.31	10.71
3/18/2019 10:53:50 AM	5.06	0.13	1.22	0.16	0.00	0.00	0.00	0.34	6.56	100.00	4.68	9.22	2681	126	548	5	0	0	0	0	3360	176.89	7.77	1.96	7.72	13.04	9.71	24.64	1.46	30.28	10.70
3/18/2019 10:53:53 AM	5.32	0.13	0.94	0.20	0.00	0.00	0.00	0.39	6.59	100.00	4.77	9.15	2819	135	424	6	0	0	0	0	3385	177.74	7.53	2.29	7.95	13.60	9.68	24.90	1.47	30.24	10.69
3/18/2019 10:53:55 AM	5.35	0.13	0.95	0.18	0.00	0.00	0.00	0.38	6.61	100.00	4.86	8.77	2834	132	428	5	0	0	0	0	3399	177.14	7.51	1.66	7.68	13.48	9.98	24.85	1.48	30.19	10.65
3/18/2019 10:53:57 AM	5.16	0.14	1.22	0.14	0.00	0.00	0.00	0.32	6.66	100.00	4.93	8.57	2736	138	550	4	0	0	0	0	3427	176.71	7.77	2.00	7.84	13.04	9.78	24.83	1.48	30.13	10.65
3/18/2019 10:54:00 AM	5.13	0.17	1.39	0.00	0.00	0.00	0.00	0.32	6.69	100.00	5.00	8.63	2719	169	624	0	0	0	0	0	3513	176.88	7.72	1.86	7.83	12.99	9.45	24.79	1.49	30.09	10.67
3/18/2019 10:54:02 AM	5.23	0.13	1.49	0.00	0.00	0.00	0.00	0.28	6.85	100.00	5.06	8.70	2773	132	670	0	0	0	0	0	3576	177.02	7.91	1.74	7.79	12.93	9.55	25.28	1.50	30.04	10.64
3/18/2019 10:54:04 AM	5.28	0.10	1.17	0.16	0.00	0.00	0.00	0.35	6.71	100.00	5.12	8.81	2797	99	527	5	0	0	0	0	3429	176.77	7.81	2.00	7.77	13.35	9.74	25.23	1.50	29.98	10.60
3/18/2019 10:54:07 AM	5.01	0.17	1.66	0.00	0.00	0.00	0.00	0.34	6.83	100.00	5.17	8.94	2654	170	745	0	0	0	0	0	3569	176.46	8.34	2.05	7.99	13.52	9.66	25.77	1.51	29.96	10.61
3/18/2019 10:54:09 AM	5.06	0.22	1.41	0.00	0.00	0.00	0.00	0.31	6.69	100.00	5.22	9.02	2683	216	637	0	0	0	0	0	3535	176.59	7.74	2.19	8.13	12.88	9.44	24.63	1.51	29.89	10.61
3/18/2019 10:54:12 AM	5.22	0.15	1.22	0.11	0.00	0.00	0.00	0.32	6.69	100.00	5.28	9.12	2766	149	549	3	0	0	0	0	3467	176.90	7.68	1.98	7.85	13.01	9.71	24.80	1.52	29.85	10.59
3/18/2019 10:54:14 AM	5.15	0.19	1.20	0.00	0.00	0.00	0.00	0.36	6.53	100.00	5.34	9.16	2729	186	538	0	0	0	0	0	3452	177.18	7.42	1.56	7.75	13.12	9.40	24.34	1.52	29.83	10.59
3/18/2019 10:54:16 AM	4.87	0.08	0.91	0.21	0.00	0.00	0.00	0.36	6.06	100.00	5.38	9.05	2579	81	408	6	0	0	0	0	3074	177.48	7.09	1.73	7.13	12.48	9.30	23.02	1.53	29.78	10.56
3/18/2019 10:54:19 AM	4.72	0.23	0.90	0.03	0.00	0.00	0.00	0.32	5.87	100.00	5.43	8.93	2501	230	405	1	0	0	0	0	3137	177.42	6.45	1.62	7.25	11.70	9.03	21.49	1.53	29.71	10.57
3/18/2019 10:54:21 AM	4.86	0.19	1.24	0.03	0.00	0.00	0.00	0.32	6.33	100.00	5.46	8.77	2577	190	560	1	0	0	0	0	3327	176.89	7.31	1.99	7.63	12.41	9.24	23.43	1.54	29.69	10.54
3/18/2019 10:54:23 AM	4.70	0.13	1.19	0.09	0.00	0.00	0.00	0.32	6.11	100.00	5.49	8.80	2493	129	534	3	0	0	0	0	3158	177.10	7.25	1.92	7.30	12.21	9.07	22.96	1.54	29.64	10.54
3/18/2019 10:54:26 AM	4.07	0.27	1.14	0.00	0.00	0.00	0.00	0.42	5.47	100.00	5.53	8.90	2156	267	512	0	0	0	0	0	2935	177.20	6.86	1.53	7.21	12.16	8.75	21.13	1.54	29.58	10.54
3/18/2019 10:54:28 AM	3.48	0.20	0.95	0.14	0.00	0.00	0.00	0.36	4.76	100.00	5.59	8.87	1842	197	427	4	0	0	0	0	2469	177.28	6.27	1.52	6.36	10.58	8.42	18.51	1.55	29.56	10.52
3/18/2019 10:54:31 AM	3.55	0.27	0.69	0.04	0.00	0.00	0.00	0.33	4.55	100.00	5.63	8.68	1880	267	309	1	0	0	0	0	2458	177.24	5.34	1.56	6.32	9.78	7.96	16.92	1.55	29.50	10.52
3/18/2019 10:54:33 AM	2.59	0.32	0.59	0.00	0.00	0.00	0.00	0.36	3.49	100.00	5.68	8.52	1371	315	267	0	0	0	0	0	1953	177.34	4.54	1.37	5.61	8.60	7.02	13.55	1.56	29.45	10.51
3/18/2019 10:54:35 AM	3.03	0.18	0.26	0.24	0.00	0.00	0.00	0.36	3.71	100.00	5.72	8.43	1606	184	116	7	0	0	0	0	1913	177.14	4.62	1.56	5.57	8.90	7.45	14.44	1.56	29.40	10.51
3/18/2019 10:54:38 AM	2.97	0.26	0.11	0.20	0.00	0.00	0.00	0.34	3.54	100.00	5.75	8.52	1574	258	51	6	0	0	0	0	1889	177.60	4.14	1.66	5.68	8.43	7.31	13.37	1.56	29.37	10.48
3/18/2019 10:54:40 AM	2.96	0.29	0.58	0.05	0.00	0.00	0.00	0.35	3.88	100.00	5.79	8.65	1567	294	262	1	0	0	0	0	2125	177.28	4.83	1.43	5.85	9.04	7.50	14.78	1.57	29.32	10.50
3/18/2019 10:54:42 AM	3.17	0.30	0.81	0.00	0.00	0.00	0.00	0.36	4.28	100.00	5.83	8.77	1680	300	363	0	0	0	0	0	2343	177.10	5.40	1.35	6.34	9.71	7.61	16.29	1.57	29.27	10.48
3/18/2019 10:54:45 AM	3.24	0.28	0.63	0.01	0.00	0.00	0.00	0.35	4.16	100.00	5.88	8.82	1715	284	285	0	0	0	0	0	2285	177.22	5.00	1.24	5.92	9.43	7.72	15.73	1.58	29.25	10.45
3/18/2019 10:54:47 AM	3.05	0.34	0.67	0.00	0.00	0.00	0.00	0.33	4.06	100.00	5.93	8.48	1616	342	301	0	0	0	0	0	2260	177.49	4.96	1.36	6.26	9.09	7.53	15.12	1.58	29.19	10.44
3/18/2019 10:54:50 AM	2.58	0.30	0.11	0.07	0.00	0.00	0.00	0.39	3.06	100.00	5.98	8.25	1368	301	47	2	0	0	0	0	1719	177.58	3.64	1.21	5.15	8.09	6.81	11.86	1.59	29.16	10.44
3/18/2019 10:54:52 AM	2.24	0.42	0.14	0.00	0.00	0.00	0.00	0.37	2.80	100.00	6.09	7.86	1187	421	64	0	0	0	0	0	1672	177.40	3.36	1.16	5.35	7.45	6.69	10.51	1.60	29.11	10.44
3/18/2019 10:54:54 AM	2.18	0.42	0.14	0.00	0.00	0.00	0.00	0.32	2.73	100.00	6.16	7.34	1154	417	61	0	0	0	0	0	1632	177.45	3.17	1.31	5.26	6.89	6.55	9.92	1.60	29.07	10.41
3/18/2019 10:54:57 AM	2.16	0.41	0.01	0.00	0.00	0.00	0.00	0.32	2.58	100.00	6.27	7.27	1143	414	6	0	0	0	0	0	1564	177.19	2.87	0.87	4.98	6.56	6.57	9.26	1.61	29.03	10.42
3/18/2019 10:54:59 AM	1.57	0.42	0.20	0.10	0.00	0.00	0.00	0.34	2.29	100.00	6.32	7.12	833	425	89	3	0	0	0	0	1350	177.33	3.31	1.24	4.99	6.47	6.64	8.81	1.62	28.98	10.40
3/18/2019 10:55:01 AM	2.05	0.41	0.03	0.00	0.00	0.00	0.00	0.34	2.49	100.00	6.38	7.17	1087	410	14	0	0	0	0	0	1511	177.48	2.89	1.25	5.01	6.73	6.33	9.21	1.63	28.93	10.39
3/18/2019 10:55:04 AM	1.59	0.42	0.22	0.00	0.00	0.00	0.00	0.36	2.23	100.00	6.41	7.09	844	417	100	0	0	0	0	0	1361	177.08	3.13	1.19	4.82	6.59	6.24	8.73	1.63	28.88	10.37
3/18/2019 10:55:06 AM	1.80	0.37	0.00	0.12	0.00	0.00	0.00	0.35	2.29	100.00	6.46	7.21	953	367	0	4	0	0	0	0	1324	177.33	3.03	1.24	4.80	6.60	6.49	8.87	1.63	28.82	10.37
3/18/2019 10:55:09 AM	2.09	0.36	0.01	0.05	0.00	0.00	0.00	0.35	2.51	100.00	6.51	7.37	1109	364	2	1	0	0	0	0	1476	177.19	2.99	1.10	4.85	6.85	6.44	9.48	1.64	28.77	10.35
3/18/2019 10:55:11 AM	1.90	0.36	0.00	0.15	0.00	0.00	0.00	0.35	2.42	100.00	6.55	7.37	1010	359	1	5	0	0	0	0	1374	177.10	3.19	1.36	4.97	6.80	6.58	9.35	1.64	28.73	10.36
3/18/2019 10:55:13 AM	2.16	0.44	0.00	0.00	0.00	0.00	0.00	0.34	2.60	100.00	6.61	7.35	1145	440	0	0	0	0	0	0	1585	177.20	2.89	1.08	5.15	6.85	6.61	9.44	1.65	28.68	10.33
3/18/2019 10:55:16 AM	1.87	0.41	0.08	0.05	0.00	0.00	0.00	0.36	2.41	100.00	6.65	7.30	993	406	38	1	0	0	0	0	1438	176.92	3.11	1.24	4.98	6.82	6.47	9.22	1.65	28.64	10.33
3/18/2019 10:55:18 AM	1.56	0.40	0.19	0.16	0.00	0.00	0.00	0.37	2.30	100.00	6.70	7.46	827	395	86	5	0	0	0	0	1313	177.23	3.52	1.41	5.04	6.80	6.70	9.21	1.66	28.61	10.33
3/18/2019 10:55:21 AM	1.84	0.48	0.00	0.00	0.00	0.00	0.00	0.40	2.32	100.00	6.76	7.54	975	479	0	0	0	0	0	0	1454	177.17	2.76	1.22	4.99	6.98	6.61	8.85	1.66	28.55	10.31
3/18/2019 10:55:23 AM	1.95	0.43	0.00	0.00	0.00	0.00	0.00	0.34	2.37	100.00	6.83	7.54	1032	427	0	0	0	0	0	0	1459	177.49	2.70	1.16	4.85	6.55	6.42	8.75	1.67	28.50	10.28
3/18/2019 10:55:25 AM	1.77	0.39	0.00	0.09	0.00	0.00	0.00	0.35	2.25	100.00	6.93	7.43	939	392	0	3	0	0	0	0	1333	177.18	2.92	1.13	4.77	6.52	6.46	8.64	1.68	28.46	10.29
3/18/2019 10:55:28 AM	1.65	0.42	0.00	0.04	0.00	0.00	0.00	0.39	2.10	100.00	7.03	7.12	875	417	0	1	0	0	0	0	1293	177.33	2.74	1.11	4.60	6.71	6.39	8.37	1.69	28.42	10.27
3/18/2019 10:55:30 AM	1.43	0.39	0.00	0.15	0.00	0.00	0.00	0.37	1.97	100.00	7.08	6.88	756	393	0	5	0	0	0	0	1153	177.35	2.90	1.24	4.60	6.29	6.50	7.93	1.69	28.39	10.26
3/18/2019 10:55:32 AM	1.60	0.39	0.05	0.04	0.00	0.00	0.00	0.35	2.08	100.00	7.15	6.90	849	393	20	1	0	0	0	0	1263	177.35	2.80	1.14	4.62	6.24	6.12	8.07	1.70	28.35	10.25
3/18/2019 10:55:35 AM	1.81	0.47	0.00	0.00	0.00	0.00	0.00	0.34	2.27	100.00	7.20	6.95	959	466	0	0	0	0	0	0	1424	177.42	2.64	1.27	5.02	6.34	6.33	8.29	1.71	28.29	10.26
3/18/2019 10:55:37 AM	1.65	0.41	0.00	0.05	0.00	0.00	0.00	0.36	2.11	100.00	7.25	7.03	875	406	0	1	0	0	0	0	1282	177.35	2.79	1.11	4.68	6.40	6.24	8.18	1.71	28.24	10.24
3/18/2019 10:55:40 AM	1.50	0.42	0.10	0.03	0.00	0.00	0.00	0.37	2.05	100.00	7.30	7.06	794	418	46	1	0	0	0	0	1259	177.17	2.91	1.23	4.72	6.43	6.13	8.12	1.72	28.19	10.21
3/18/2019 10:55:42 AM	1.76	0.43	0.00	0.00	0.00	0.00	0.00	0.36	2.19	100.00	7.36	7.11	932	435	0	0	0	0	0	0	1366	177.29	2.71	1.09	4.81	6.46	6.23	8.29	1.72	28.14	10.21
3/18/2019 10:55:44 AM	1.74	0.43	0.00	0.00	0.00	0.00	0.00	0.35	2.17	100.00	7.39	7.07	922	432	0	0	0	0	0	0	1354	177.39	2.60	1.07	4.74	6.36	6.25	8.17	1.72	28.10	10.20
3/18/2019 10:55:47 AM	1.69	0.43	0.00	0.00	0.00	0.00	0.00	0.36	2.12	100.00	7.46	6.89	898	428	0	0	0	0	0	0	1326	177.27	2.61	1.10	4.73	6.35	6.15	8.06	1.73	28.06	10.18
3/18/2019 10:55:49 AM	1.58	0.38	0.00	0.07	0.00	0.00	0.00	0.35	2.04	100.00	7.50	6.80	839	385	0	2	0	0	0	0	1226	176.89	2.66	1.25	4.52	6.17	6.23	7.92	1.73	28.02	10.17
3/18/2019 10:55:51 AM	1.42	0.44	0.00	0.07	0.00	0.00	0.00	0.38	1.93	100.00	7.51	6.83	755	435	0	2	0	0	0	0	1192	177.11	2.78	1.17	4.68	6.35	6.27	7.71	1.74	27.97	10.15
3/18/2019 10:55:54 AM	1.62	0.41	0.00	0.03	0.00	0.00	0.00	0.35	2.06	100.00	7.58	7.03	858	408	0	1	0	0	0	0	1267	177.31	2.64	1.19	4.62	6.19	6.13	7.89	1.74	27.91	10.14
3/18/2019 10:55:56 AM	1.55	0.46	0.03	0.03	0.00	0.00	0.00	0.35	2.07	100.00	7.66	7.04	823	456	14	1	0	0	0	0	1293	177.18	2.73	1.37	4.90	6.20	6.16	7.82	1.75	27.89	10.14
3/18/2019 10:55:59 AM	1.58	0.38	0.00	0.07	0.00	0.00	0.00	0.34	2.03	100.00	7.74	6.82	838	382	0	2	0	0	0	0	1222	177.24	2.62	1.29	4.52	6.06	6.15	7.82	1.76	27.83	10.12
3/18/2019 10:56:01 AM	1.22	0.40	0.12	0.08	0.00	0.00	0.00	0.40	1.82	100.00	7.83	6.74	647	401	53	3	0	0	0	0	1103	177.16	3.00	1.27	4.56	6.37	6.07	7.71	1.77	27.76	10.12
3/18/2019 10:56:03 AM	1.47	0.40	0.00	0.06	0.00	0.00	0.00	0.37	1.93	100.00	7.85	6.60	778	405	0	2	0	0	0	0	1184	177.09	2.59	1.27	4.47	6.27	6.18	7.70	1.77	27.75	10.12
3/18/2019 10:56:06 AM	1.26	0.41	0.00	0.11	0.00	0.00	0.00	0.36	1.78	100.00	7.88	6.62	670	408	0	3	0	0	0	0	1082	177.36	2.70	1.18	4.49	5.87	6.16	7.13	1.77	27.69	10.10
3/18/2019 10:56:08 AM	1.12	0.44	0.16	0.02	0.00	0.00	0.00	0.37	1.74	100.00	7.97	6.88	594	442	71	1	0	0	0	0	1108	177.00	2.80	1.12	4.50	5.95	5.98	7.09	1.78	27.64	10.09
3/18/2019 10:56:10 AM	1.37	0.44	0.00	0.00	0.00	0.00	0.00	0.37	1.81	100.00	8.03	6.89	726	444	0	0	0	0	0	0	1170	176.84	2.35	1.11	4.43	6.00	6.06	7.10	1.79	27.58	10.06
3/18/2019 10:56:13 AM	1.34	0.41	0.00	0.04	0.00	0.00	0.00	0.36	1.79	100.00	8.13	6.77	711	413	0	1	0	0	0	0	1125	177.07	2.52	1.25	4.46	5.94	5.90	7.13	1.80	27.56	10.06
3/18/2019 10:56:15 AM	1.28	0.46	0.00	0.00	0.00	0.00	0.00	0.36	1.74	100.00	8.20	6.55	681	458	0	0	0	0	0	0	1139	176.59	2.38	1.15	4.46	5.83	5.99	6.80	1.80	27.51	10.06
3/18/2019 10:56:18 AM	1.20	0.48	0.00	0.00	0.00	0.00	0.00	0.39	1.68	100.00	8.27	6.56	637	476	0	0	0	0	0	0	1114	177.16	2.33	1.10	4.46	6.06	6.06	6.79	1.81	27.46	10.05
3/18/2019 10:56:20 AM	1.22	0.39	0.02	0.08	0.00	0.00	0.00	0.36	1.70	100.00	8.31	6.50	645	387	8	2	0	0	0	0	1042	177.08	2.63	1.25	4.39	5.79	5.83	6.94	1.81	27.42	10.04
3/18/2019 10:56:22 AM	1.25	0.42	0.00	0.04	0.00	0.00	0.00	0.39	1.71	100.00	8.37	6.53	660	423	0	1	0	0	0	0	1084	176.79	2.57	1.16	4.41	6.10	5.97	7.06	1.82	27.38	10.02
3/18/2019 10:56:25 AM	1.37	0.44	0.00	0.03	0.00	0.00	0.00	0.36	1.85	100.00	8.44	6.68	727	444	0	1	0	0	0	0	1172	176.96	2.49	1.16	4.50	6.00	6.16	7.20	1.83	27.32	10.01
3/18/2019 10:56:27 AM	1.21	0.41	0.02	0.07	0.00	0.00	0.00	0.38	1.70	100.00	8.49	6.57	643	407	7	2	0	0	0	0	1059	176.82	2.65	1.27	4.46	5.99	5.86	7.03	1.83	27.27	10.00
3/18/2019 10:56:29 AM	1.15	0.43	0.00	0.03	0.00	0.00	0.00	0.39	1.62	100.00	8.54	6.49	609	434	0	1	0	0	0	0	1044	177.11	2.48	1.15	4.37	5.90	5.86	6.67	1.84	27.25	10.00
3/18/2019 10:56:32 AM	1.21	0.46	0.00	0.00	0.00	0.00	0.00	0.38	1.67	100.00	8.56	6.53	643	455	0	0	0	0	0	0	1098	177.00	2.38	1.15	4.41	5.95	5.91	6.73	1.84	27.19	10.00
3/18/2019 10:56:34 AM	1.19	0.45	0.00	0.02	0.00	0.00	0.00	0.40	1.67	100.00	8.60	6.57	631	455	0	1	0	0	0	0	1087	176.85	2.49	1.15	4.44	6.08	5.99	6.86	1.84	27.14	9.96
3/18/2019 10:56:37 AM	1.18	0.44	0.00	0.03	0.00	0.00	0.00	0.38	1.65	100.00	8.63	6.60	627	438	0	1	0	0	0	0	1066	177.04	2.38	1.32	4.37	5.87	5.90	6.70	1.85	27.10	9.94
3/18/2019 10:56:39 AM	1.24	0.48	0.00	0.00	0.00	0.00	0.00	0.37	1.72	100.00	8.66	6.62	657	478	0	0	0	0	0	0	1135	177.15	2.39	1.13	4.62	5.86	5.93	6.71	1.85	27.05	9.94
3/18/2019 10:56:41 AM	1.20	0.49	0.01	0.01	0.00	0.00	0.00	0.39	1.71	100.00	8.70	6.65	637	485	3	0	0	0	0	0	1125	176.97	2.54	1.21	4.65	6.02	5.99	6.82	1.85	26.99	9.93
3/18/2019 10:56:44 AM	1.15	0.44	0.00	0.06	0.00	0.00	0.00	0.38	1.66	100.00	8.73	6.77	610	444	0	2	0	0	0	0	1056	176.84	2.56	1.19	4.47	5.94	6.03	6.79	1.86	26.97	9.92
3/18/2019 10:56:46 AM	1.26	0.46	0.00	0.00	0.00	0.00	0.00	0.36	1.72	100.00	8.78	6.96	668	462	0	0	0	0	0	0	1130	176.94	2.38	1.18	4.54	5.76	5.88	6.68	1.86	26.92	9.91
3/18/2019 10:56:48 AM	1.30	0.45	0.00	0.00	0.00	0.00	0.00	0.37	1.75	100.00	8.82	7.04	686	454	0	0	0	0	0	0	1141	176.90	2.32	1.18	4.50	5.93	5.93	6.88	1.86	26.86	9.89
3/18/2019 10:56:51 AM	1.27	0.45	0.07	0.00	0.00	0.00	0.00	0.37	1.80	100.00	8.85	7.04	675	451	34	0	0	0	0	0	1159	176.89	2.66	1.05	4.55	6.04	5.98	7.17	1.87	26.83	9.90
3/18/2019 10:56:53 AM	1.35	0.49	0.00	0.00	0.00	0.00	0.00	0.37	1.84	100.00	8.90	7.07	716	489	0	0	0	0	0	0	1205	176.66	2.50	1.25	4.82	5.97	5.98	7.03	1.87	26.77	9.86
3/18/2019 10:56:56 AM	1.16	0.46	0.00	0.00	0.00	0.00	0.00	0.40	1.62	100.00	8.96	6.84	617	461	0	0	0	0	0	0	1077	176.62	2.43	1.11	4.40	6.04	5.90	6.70	1.88	26.74	9.85
3/18/2019 10:56:58 AM	1.17	0.45	0.01	0.03	0.00	0.00	0.00	0.36	1.66	100.00	9.01	6.64	621	449	2	1	0	0	0	0	1073	176.82	2.49	1.07	4.44	5.71	5.94	6.58	1.88	26.69	9.87
3/18/2019 10:57:00 AM	1.08	0.45	0.04	0.03	0.00	0.00	0.00	0.37	1.60	100.00	9.07	6.63	575	445	19	1	0	0	0	0	1040	176.89	2.55	1.05	4.39	5.72	5.90	6.52	1.89	26.66	9.83
3/18/2019 10:57:03 AM	1.14	0.46	0.00	0.00	0.00	0.00	0.00	0.38	1.60	100.00	9.11	6.48	604	464	0	0	0	0	0	0	1069	176.73	2.33	1.19	4.38	5.82	5.88	6.48	1.89	26.63	9.82
3/18/2019 10:57:05 AM	1.08	0.46	0.00	0.00	0.00	0.00	0.00	0.38	1.54	100.00	9.16	6.45	574	457	0	0	0	0	0	0	1031	177.02	2.34	1.05	4.34	5.67	5.77	6.24	1.90	26.57	9.81
3/18/2019 10:57:07 AM	1.13	0.48	0.00	0.01	0.00	0.00	0.00	0.38	1.62	100.00	9.20	6.57	600	477	0	0	0	0	0	0	1077	176.86	2.43	1.09	4.49	5.76	5.91	6.44	1.90	26.52	9.80
3/18/2019 10:57:10 AM	1.07	0.48	0.00	0.00	0.00	0.00	0.00	0.38	1.55	100.00	9.24	6.66	566	484	0	0	0	0	0	0	1050	176.95	2.39	1.11	4.48	5.74	5.83	6.26	1.91	26.48	9.79
3/18/2019 10:57:12 AM	1.02	0.43	0.00	0.06	0.00	0.00	0.00	0.37	1.52	100.00	9.29	6.68	542	434	0	2	0	0	0	0	978	176.80	2.43	1.19	4.30	5.60	5.88	6.26	1.91	26.44	9.78
3/18/2019 10:57:15 AM	1.04	0.48	0.00	0.00	0.00	0.00	0.00	0.37	1.52	100.00	9.36	6.38	551	480	0	0	0	0	0	0	1031	176.82	2.32	1.14	4.43	5.61	5.79	6.10	1.92	26.40	9.79
3/18/2019 10:57:17 AM	1.01	0.49	0.00	0.00	0.00	0.00	0.00	0.38	1.50	100.00	9.39	6.09	537	486	0	0	0	0	0	0	1023	176.73	2.30	1.16	4.38	5.64	5.87	6.08	1.92	26.35	9.76
3/18/2019 10:57:19 AM	1.11	0.46	0.00	0.01	0.00	0.00	0.00	0.37	1.58	100.00	9.43	6.13	586	459	0	0	0	0	0	0	1045	176.82	2.38	1.13	4.40	5.64	5.84	6.32	1.92	26.32	9.74
3/18/2019 10:57:22 AM	1.12	0.46	0.00	0.00	0.00	0.00	0.00	0.36	1.59	100.00	9.46	6.17	596	460	0	0	0	0	0	0	1056	176.84	2.23	1.26	4.34	5.57	5.85	6.26	1.93	26.26	9.74
3/18/2019 10:57:24 AM	1.11	0.46	0.00	0.00	0.00	0.00	0.00	0.37	1.57	100.00	9.50	6.26	586	465	0	0	0	0	0	0	1050	176.95	2.29	1.14	4.41	5.70	5.79	6.31	1.93	26.21	9.73
3/18/2019 10:57:26 AM	1.00	0.45	0.01	0.06	0.00	0.00	0.00	0.38	1.52	100.00	9.53	6.36	529	452	5	2	0	0	0	0	988	176.92	2.54	1.20	4.44	5.71	5.89	6.33	1.93	26.16	9.71
3/18/2019 10:57:29 AM	1.03	0.44	0.00	0.06	0.00	0.00	0.00	0.38	1.54	100.00	9.57	6.47	548	440	0	2	0	0	0	0	989	176.62	2.49	1.16	4.35	5.70	5.92	6.36	1.94	26.14	9.69
3/18/2019 10:57:31 AM	1.11	0.45	0.00	0.05	0.00	0.00	0.00	0.35	1.60	100.00	9.62	6.56	589	445	0	1	0	0	0	0	1036	176.97	2.39	1.15	4.37	5.50	5.95	6.31	1.94	26.08	9.68
3/18/2019 10:57:34 AM	0.99	0.46	0.00	0.01	0.00	0.00	0.00	0.37	1.47	100.00	9.67	6.62	527	461	0	0	0	0	0	0	988	176.80	2.33	1.10	4.31	5.53	5.76	5.99	1.95	26.04	9.66
3/18/2019 10:57:36 AM	1.03	0.44	0.00	0.02	0.00	0.00	0.00	0.36	1.49	100.00	9.72	6.65	548	438	0	1	0	0	0	0	986	176.69	2.30	1.07	4.21	5.48	5.76	6.06	1.95	26.02	9.67
3/18/2019 10:57:38 AM	1.13	0.48	0.00	0.01	0.00	0.00	0.00	0.37	1.62	100.00	9.76	6.64	597	485	0	0	0	0	0	0	1081	176.92	2.35	1.15	4.47	5.67	5.98	6.35	1.96	25.95	9.66
3/18/2019 10:57:41 AM	1.09	0.49	0.09	0.00	0.00	0.00	0.00	0.37	1.67	100.00	9.80	6.64	578	489	41	0	0	0	0	0	1108	176.65	2.60	1.11	4.66	5.75	5.91	6.60	1.96	25.92	9.64
3/18/2019 10:57:43 AM	1.08	0.44	0.00	0.04	0.00	0.00	0.00	0.38	1.55	100.00	9.85	6.68	570	442	0	1	0	0	0	0	1013	176.78	2.41	1.15	4.32	5.71	5.87	6.37	1.96	25.89	9.62
3/18/2019 10:57:45 AM	1.07	0.46	0.00	0.04	0.00	0.00	0.00	0.39	1.57	100.00	9.88	6.71	566	461	0	1	0	0	0	0	1027	176.83	2.47	1.18	4.43	5.82	5.92	6.44	1.97	25.84	9.62
3/18/2019 10:57:48 AM	1.13	0.46	0.00	0.04	0.00	0.00	0.00	0.37	1.62	100.00	9.90	6.75	597	459	0	1	0	0	0	0	1057	176.65	2.44	1.23	4.47	5.70	5.93	6.47	1.97	25.81	9.60
3/18/2019 10:57:50 AM	1.08	0.44	0.00	0.05	0.00	0.00	0.00	0.36	1.58	100.00	9.96	6.77	573	441	0	2	0	0	0	0	1016	176.73	2.47	1.19	4.41	5.63	5.87	6.38	1.98	25.76	9.62
3/18/2019 10:57:53 AM	1.10	0.43	0.00	0.04	0.00	0.00	0.00	0.37	1.57	100.00	10.01	6.76	583	429	0	1	0	0	0	0	1013	176.76	2.44	1.15	4.34	5.63	5.78	6.38	1.98	25.71	9.58
3/18/2019 10:57:55 AM	1.13	0.42	0.00	0.02	0.00	0.00	0.00	0.36	1.57	100.00	10.05	6.71	598	424	0	0	0	0	0	0	1023	176.63	2.32	1.15	4.24	5.60	5.72	6.34	1.98	25.69	9.58
3/18/2019 10:57:57 AM	1.18	0.46	0.00	0.04	0.00	0.00	0.00	0.36	1.67	100.00	10.09	6.67	623	457	0	1	0	0	0	0	1081	176.57	2.49	1.19	4.51	5.74	5.99	6.62	1.99	25.64	9.55
3/18/2019 10:58:00 AM	1.17	0.43	0.00	0.07	0.00	0.00	0.00	0.36	1.68	100.00	10.17	6.70	620	434	0	2	0	0	0	0	1056	176.55	2.55	1.21	4.48	5.70	6.01	6.68	2.00	25.61	9.54
3/18/2019 10:58:02 AM	1.14	0.44	0.00	0.07	0.00	0.00	0.00	0.36	1.64	100.00	10.22	6.65	603	440	0	2	0	0	0	0	1045	176.63	2.54	1.15	4.46	5.68	5.97	6.58	2.00	25.56	9.54
3/18/2019 10:58:04 AM	1.00	0.43	0.00	0.07	0.00	0.00	0.00	0.38	1.51	100.00	10.26	6.47	532	431	0	2	0	0	0	0	965	176.83	2.49	1.13	4.29	5.70	5.91	6.32	2.01	25.54	9.54
3/18/2019 10:58:07 AM	1.10	0.46	0.00	0.03	0.00	0.00	0.00	0.36	1.59	100.00	10.29	6.38	582	458	0	1	0	0	0	0	1041	176.59	2.36	1.14	4.37	5.60	5.97	6.32	2.01	25.49	9.51
3/18/2019 10:58:09 AM	0.95	0.49	0.00	0.02	0.00	0.00	0.00	0.39	1.45	100.00	10.34	6.43	504	485	0	0	0	0	0	0	990	176.54	2.35	1.17	4.38	5.71	5.86	6.04	2.01	25.43	9.51
3/18/2019 10:58:12 AM	1.07	0.50	0.00	0.00	0.00	0.00	0.00	0.38	1.57	100.00	10.39	6.59	565	501	0	0	0	0	0	0	1066	176.69	2.35	1.14	4.57	5.68	5.88	6.20	2.02	25.40	9.48
3/18/2019 10:58:14 AM	1.03	0.50	0.00	0.01	0.00	0.00	0.00	0.38	1.53	100.00	10.45	6.63	544	500	0	0	0	0	0	0	1044	176.43	2.39	1.19	4.53	5.69	5.89	6.16	2.02	25.36	9.49
3/18/2019 10:58:16 AM	1.09	0.44	0.00	0.04	0.00	0.00	0.00	0.37	1.57	100.00	10.46	6.43	577	443	0	1	0	0	0	0	1021	176.66	2.44	1.11	4.35	5.67	5.89	6.38	2.03	25.33	9.47
3/18/2019 10:58:19 AM	1.17	0.48	0.02	0.00	0.00	0.00	0.00	0.36	1.67	100.00	10.48	6.32	618	479	9	0	0	0	0	0	1107	176.36	2.45	1.16	4.56	5.71	5.89	6.51	2.03	25.29	9.46
3/18/2019 10:58:21 AM	1.02	0.49	0.03	0.00	0.00	0.00	0.00	0.38	1.54	100.00	10.53	6.41	539	495	15	0	0	0	0	0	1048	176.48	2.45	1.12	4.50	5.70	5.88	6.22	2.03	25.25	9.45
3/18/2019 10:58:23 AM	1.14	0.50	0.00	0.01	0.00	0.00	0.00	0.37	1.64	100.00	10.58	6.46	603	497	0	0	0	0	0	0	1100	176.18	2.42	1.17	4.60	5.72	5.96	6.41	2.04	25.22	9.43
3/18/2019 10:58:26 AM	1.08	0.46	0.02	0.03	0.00	0.00	0.00	0.36	1.59	100.00	10.62	6.49	571	457	9	1	0	0	0	0	1038	176.13	2.47	1.14	4.45	5.57	5.88	6.32	2.04	25.16	9.43
3/18/2019 10:58:28 AM	1.09	0.47	0.00	0.01	0.00	0.00	0.00	0.38	1.57	100.00	10.68	6.50	576	473	0	0	0	0	0	0	1049	176.44	2.36	1.16	4.41	5.73	5.91	6.33	2.05	25.11	9.41
3/18/2019 10:58:31 AM	1.07	0.45	0.00	0.01	0.00	0.00	0.00	0.37	1.53	100.00	10.75	6.38	566	451	0	0	0	0	0	0	1018	176.27	2.39	1.14	4.37	5.65	5.74	6.25	2.05	25.11	9.40
3/18/2019 10:58:33 AM	1.01	0.49	0.00	0.00	0.00	0.00	0.00	0.39	1.50	100.00	10.77	6.19	536	491	0	0	0	0	0	0	1028	176.27	2.36	1.15	4.46	5.71	5.82	6.12	2.06	25.05	9.38
3/18/2019 10:58:35 AM	1.03	0.48	0.00	0.02	0.00	0.00	0.00	0.39	1.53	100.00	10.81	6.21	548	475	0	1	0	0	0	0	1024	176.25	2.37	1.20	4.39	5.81	5.95	6.31	2.06	25.03	9.37
3/18/2019 10:58:38 AM	1.09	0.48	0.00	0.01	0.00	0.00	0.00	0.38	1.57	100.00	10.83	6.28	578	476	0	0	0	0	0	0	1054	176.46	2.38	1.21	4.47	5.76	5.84	6.35	2.06	24.98	9.38
3/18/2019 10:58:40 AM	1.09	0.48	0.05	0.00	0.00	0.00	0.00	0.38	1.62	100.00	10.88	6.33	577	481	22	0	0	0	0	0	1080	176.13	2.50	1.16	4.53	5.77	5.88	6.48	2.07	24.94	9.34
3/18/2019 10:58:43 AM	1.07	0.48	0.04	0.00	0.00	0.00	0.00	0.40	1.60	100.00	10.92	6.39	569	483	19	0	0	0	0	0	1072	175.32	2.53	1.14	4.54	5.95	5.88	6.57	2.07	24.91	9.34
3/18/2019 10:58:45 AM	1.04	0.47	0.03	0.03	0.00	0.00	0.00	0.39	1.56	100.00	10.97	6.43	551	468	12	1	0	0	0	0	1031	175.90	2.53	1.19	4.49	5.84	5.87	6.45	2.08	24.87	9.33
3/18/2019 10:58:47 AM	1.06	0.48	0.00	0.00	0.00	0.00	0.00	0.37	1.55	100.00	11.00	6.32	563	484	0	0	0	0	0	0	1046	176.13	2.28	1.16	4.42	5.66	5.88	6.18	2.08	24.85	9.32
