Date/Time	Green Algae	Bluegreen	Diatoms	Cryptophyta	#5	#6	#7	Yellow substances	Total conc.	Transmission	Depth	Temp. Sample	Green Algae	Bluegreen	Diatoms	Cryptophyta	#5	#6	#7	Yellow substances	Total cell count	Trans. 700 nm	LED 3 [525 nm]	LED 4 [570 nm]	LED 5 [610 nm]	LED 6 [370 nm]	LED 7 [590 nm]	LED 8 [470 nm]	Pressure	Temp. LEDs	Temp. Sensor
date	µg/l	µg/l	µg/l	µg/l	µg/l	µg/l	µg/l	r.u.	µg/l	%	m	°C	cells/ml	cells/ml	cells/ml	cells/ml	cells/ml	cells/ml	cells/ml	r.u.	cells/ml	digits	digits	digits	digits	digits	digits	digits	bar	°C	°C
5/6/2019 9:12:46 AM	0.00	1.12	0.00	0.00	0.00	0.00	0.00	0.15	1.12	80.03	-0.05	19.40	0	1120	0	0	0	0	0	0	1120	139.50	-0.22	0.96	5.99	2.89	8.19	1.09	1.00	32.42	10.31
5/6/2019 9:12:48 AM	0.00	1.35	0.00	0.00	0.00	0.00	0.00	0.00	1.35	80.26	-0.05	19.40	0	1350	0	0	0	0	0	0	1350	139.91	-0.20	-0.32	8.38	0.65	7.91	0.36	1.00	32.57	10.34
5/6/2019 9:12:51 AM	0.09	1.32	0.00	0.00	0.00	0.00	0.00	0.00	1.41	80.90	-0.05	19.38	49	1321	0	0	0	0	0	0	1370	141.03	-1.06	1.24	8.35	1.24	7.63	0.59	0.99	32.63	10.33
5/6/2019 9:12:53 AM	0.31	1.18	0.00	0.00	0.00	0.00	0.00	0.00	1.49	79.76	-0.05	19.40	164	1177	0	0	0	0	0	0	1341	139.03	-0.94	-1.68	8.26	-1.40	7.73	2.39	0.99	32.78	10.35
5/6/2019 9:12:56 AM	0.47	1.09	0.00	0.00	0.00	0.00	0.00	0.00	1.56	79.73	-0.05	19.39	247	1093	0	0	0	0	0	0	1340	138.99	0.52	1.50	5.95	1.36	8.42	1.59	1.00	32.80	10.33
5/6/2019 9:12:58 AM	0.15	1.47	0.00	0.00	0.00	0.00	0.00	0.00	1.63	79.52	-0.05	19.39	81	1475	0	0	0	0	0	0	1556	138.62	0.00	0.16	9.84	0.58	7.74	1.07	1.00	32.91	10.36
5/6/2019 9:13:00 AM	0.27	0.94	0.00	0.00	0.00	0.00	0.00	0.04	1.21	80.64	-0.05	19.40	144	943	0	0	0	0	0	0	1087	140.58	0.26	-0.44	4.83	1.66	8.28	1.18	1.00	32.95	10.38
5/6/2019 9:13:03 AM	0.02	1.59	0.08	0.00	0.00	0.00	0.00	0.00	1.68	79.38	-0.05	19.39	8	1585	37	0	0	0	0	0	1631	138.38	1.82	1.13	8.70	0.35	9.44	0.91	0.99	33.08	10.37
5/6/2019 9:13:05 AM	0.00	1.39	0.00	0.00	0.00	0.00	0.00	0.00	1.39	80.23	-0.04	19.40	0	1387	0	0	0	0	0	0	1387	139.86	1.91	-1.27	7.51	1.33	8.92	-1.23	1.00	33.16	10.40
5/6/2019 9:13:07 AM	0.00	1.22	0.00	0.00	0.00	0.00	0.00	0.00	1.22	80.65	-0.05	19.40	0	1224	0	0	0	0	0	0	1224	140.59	0.14	2.12	7.04	1.01	7.57	-0.11	0.99	33.25	10.42
5/6/2019 9:13:10 AM	0.27	1.40	0.00	0.00	0.00	0.00	0.00	0.00	1.67	79.30	-0.05	19.40	142	1399	0	0	0	0	0	0	1541	138.23	0.37	0.30	6.86	0.49	10.29	1.43	1.00	33.34	10.42
5/6/2019 9:13:12 AM	0.26	1.23	0.00	0.00	0.00	0.00	0.00	0.00	1.49	78.86	-0.06	19.40	139	1227	0	0	0	0	0	0	1366	137.47	1.11	1.62	6.86	0.50	8.30	1.17	0.99	33.41	10.44
5/6/2019 9:13:15 AM	0.19	1.30	0.00	0.00	0.00	0.00	0.00	0.00	1.49	79.81	-0.06	19.40	101	1302	0	0	0	0	0	0	1403	139.12	-1.31	0.75	7.10	0.65	9.18	1.23	0.99	33.47	10.44
5/6/2019 9:13:17 AM	0.00	1.28	0.00	0.00	0.00	0.00	0.00	0.00	1.28	80.48	-0.05	19.40	0	1281	0	0	0	0	0	0	1281	140.29	-0.14	-0.78	8.04	0.61	7.75	-0.57	1.00	33.55	10.45
5/6/2019 9:13:19 AM	0.00	1.17	0.00	0.00	0.00	0.00	0.00	0.00	1.17	80.62	-0.05	19.40	0	1168	0	0	0	0	0	0	1168	140.54	1.45	2.03	7.14	-0.51	6.98	-0.23	1.00	33.63	10.46
5/6/2019 9:13:22 AM	0.04	1.34	0.00	0.00	0.00	0.00	0.00	0.01	1.38	79.79	-0.05	19.40	23	1339	0	0	0	0	0	0	1362	139.08	-1.54	0.60	8.10	1.69	8.12	0.37	1.00	33.69	10.46
5/6/2019 9:13:24 AM	0.00	1.58	0.00	0.00	0.00	0.00	0.00	0.03	1.58	79.70	-0.07	19.40	0	1584	0	0	0	0	0	0	1584	138.93	-0.66	-1.31	10.08	2.31	8.46	0.03	0.99	33.78	10.48
5/6/2019 9:13:26 AM	0.19	1.50	0.00	0.00	0.00	0.00	0.00	0.00	1.69	79.71	-0.06	19.39	101	1501	0	0	0	0	0	0	1602	138.94	-1.25	0.90	9.14	1.42	8.77	1.06	0.99	33.85	10.48
5/6/2019 9:13:29 AM	0.73	1.23	0.00	0.00	0.00	0.00	0.00	0.00	1.96	81.39	-0.05	19.40	386	1233	0	0	0	0	0	0	1619	141.87	0.43	-0.26	9.02	1.50	7.39	2.69	0.99	33.90	10.48
5/6/2019 9:13:31 AM	0.17	1.16	0.00	0.00	0.00	0.00	0.00	0.00	1.33	80.59	-0.05	19.40	90	1158	0	0	0	0	0	0	1248	140.47	0.12	-0.26	6.65	-0.37	8.33	1.26	0.99	33.97	10.49
5/6/2019 9:13:34 AM	0.04	1.09	0.00	0.00	0.00	0.00	0.00	0.00	1.14	78.90	-0.06	19.39	23	1092	0	0	0	0	0	0	1115	137.53	-0.78	2.07	7.01	-1.39	6.97	1.25	0.99	34.03	10.50
5/6/2019 9:13:36 AM	0.00	1.39	0.00	0.00	0.00	0.00	0.00	0.11	1.39	79.63	-0.05	19.39	0	1394	0	0	0	0	0	0	1394	138.81	0.31	1.43	8.15	2.57	8.21	0.72	0.99	34.11	10.52
5/6/2019 9:13:38 AM	0.57	1.08	0.00	0.00	0.00	0.00	0.00	0.00	1.65	80.04	-0.06	19.39	300	1082	0	0	0	0	0	0	1382	139.52	-0.29	-1.33	5.57	1.50	9.57	2.03	0.99	34.16	10.52
5/6/2019 9:13:41 AM	0.00	1.83	0.00	0.00	0.00	0.00	0.00	0.00	1.83	78.88	-0.06	19.39	0	1829	0	0	0	0	0	0	1829	137.50	0.27	-0.05	9.75	0.52	10.82	0.66	0.99	34.23	10.54
5/6/2019 9:13:43 AM	0.02	1.30	0.00	0.00	0.00	0.00	0.00	0.00	1.32	79.72	-0.06	19.39	8	1302	0	0	0	0	0	0	1310	138.97	-1.19	0.14	7.56	0.54	8.45	0.58	0.99	34.29	10.53
5/6/2019 9:13:45 AM	0.00	1.39	0.00	0.00	0.00	0.00	0.00	0.03	1.39	80.77	-0.05	19.39	0	1386	0	0	0	0	0	0	1386	140.79	0.73	0.39	6.68	1.83	9.66	-0.14	0.99	34.36	10.52
5/6/2019 9:13:48 AM	0.36	1.12	0.00	0.00	0.00	0.00	0.00	0.00	1.48	80.60	-0.06	19.39	191	1117	0	0	0	0	0	0	1308	140.50	-0.02	0.95	6.47	-0.12	8.30	1.88	0.99	34.41	10.54
5/6/2019 9:13:50 AM	0.18	1.38	0.00	0.00	0.00	0.00	0.00	0.00	1.56	80.06	-0.06	19.39	96	1375	0	0	0	0	0	0	1471	139.56	1.49	0.68	8.56	0.20	7.89	1.06	0.99	34.48	10.56
5/6/2019 9:13:53 AM	0.00	1.29	0.00	0.00	0.00	0.00	0.00	0.00	1.29	79.42	-0.06	19.39	0	1294	0	0	0	0	0	0	1294	138.44	0.31	0.14	8.22	-0.32	7.55	0.10	0.99	34.51	10.57
5/6/2019 9:13:55 AM	0.00	1.16	0.00	0.00	0.00	0.00	0.00	0.21	1.16	81.53	-0.06	19.37	0	1163	0	0	0	0	0	0	1163	142.11	1.06	0.19	5.68	3.06	8.95	1.64	0.99	34.56	10.57
5/6/2019 9:13:57 AM	0.00	1.16	0.00	0.00	0.00	0.00	0.00	0.00	1.16	80.52	-0.06	19.36	0	1157	0	0	0	0	0	0	1157	140.36	-0.56	-0.81	7.14	-1.36	7.95	-0.33	0.99	34.62	10.57
5/6/2019 9:14:00 AM	0.00	1.60	0.00	0.00	0.00	0.00	0.00	0.00	1.60	81.35	-0.06	19.32	0	1604	0	0	0	0	0	0	1604	141.81	0.95	1.48	9.73	-1.28	8.68	0.19	0.99	34.69	10.56
5/6/2019 9:14:02 AM	0.00	1.49	0.00	0.00	0.00	0.00	0.00	0.04	1.49	80.42	-0.06	19.25	0	1487	0	0	0	0	0	0	1487	140.18	0.68	0.64	8.77	1.80	8.40	0.30	0.99	34.75	10.58
5/6/2019 9:14:04 AM	0.00	1.19	0.00	0.00	0.00	0.00	0.00	0.11	1.19	78.94	-0.06	19.18	0	1195	0	0	0	0	0	0	1195	137.61	0.77	-1.13	7.23	2.66	7.70	0.22	0.99	34.82	10.62
5/6/2019 9:14:07 AM	0.00	1.20	0.00	0.00	0.00	0.00	0.00	0.00	1.20	79.18	-0.06	19.12	0	1195	0	0	0	0	0	0	1195	138.03	1.60	0.70	5.58	-0.24	9.06	-0.66	0.99	34.86	10.57
5/6/2019 9:14:09 AM	0.00	1.23	0.00	0.00	0.00	0.00	0.00	0.00	1.23	79.86	-0.05	19.12	0	1234	0	0	0	0	0	0	1234	139.20	0.05	-1.49	9.04	-0.65	6.63	-0.95	1.00	34.88	10.61
5/6/2019 9:14:12 AM	0.07	1.33	0.00	0.00	0.00	0.00	0.00	0.00	1.40	79.32	-0.07	19.12	37	1329	0	0	0	0	0	0	1366	138.28	1.57	-1.08	7.98	0.66	8.08	0.39	0.99	34.95	10.60
5/6/2019 9:14:14 AM	0.00	1.10	0.18	0.00	0.00	0.00	0.00	0.00	1.28	80.15	-0.06	19.10	0	1100	82	0	0	0	0	0	1182	139.72	2.56	-0.82	7.02	0.16	7.20	0.75	0.99	35.00	10.61
5/6/2019 9:14:16 AM	0.00	1.45	0.00	0.00	0.00	0.00	0.00	0.00	1.45	80.53	-0.05	19.11	0	1447	0	0	0	0	0	0	1447	140.37	-0.20	-0.16	9.61	0.54	7.70	-1.83	0.99	35.04	10.64
5/6/2019 9:14:19 AM	0.00	1.56	0.00	0.00	0.00	0.00	0.00	0.05	1.56	80.55	-0.06	19.10	0	1562	0	0	0	0	0	0	1562	140.41	2.57	-1.32	9.48	2.06	8.40	-0.23	0.99	35.10	10.63
5/6/2019 9:14:21 AM	0.00	1.43	0.00	0.00	0.00	0.00	0.00	0.14	1.43	81.52	-0.06	19.07	0	1429	0	0	0	0	0	0	1429	142.11	0.54	-2.06	8.28	3.22	9.05	0.78	0.99	35.15	10.66
5/6/2019 9:14:23 AM	0.00	1.23	0.00	0.00	0.00	0.00	0.00	0.00	1.23	79.87	-0.06	19.06	0	1233	0	0	0	0	0	0	1233	139.22	-1.16	0.54	6.34	1.08	8.97	-0.98	0.99	35.21	10.66
5/6/2019 9:14:26 AM	0.00	1.26	0.00	0.00	0.00	0.00	0.00	0.00	1.26	79.59	-0.05	19.03	0	1255	0	0	0	0	0	0	1255	138.75	0.42	1.53	7.54	-0.83	7.80	-1.16	1.00	35.23	10.67
5/6/2019 9:14:28 AM	1.99	0.81	0.71	0.00	0.00	0.00	0.00	0.17	3.51	85.65	0.19	19.38	1053	814	319	0	0	0	0	0	2186	149.30	4.44	1.61	8.15	6.35	7.82	10.73	1.02	35.28	10.67
5/6/2019 9:14:31 AM	1.57	0.17	2.35	0.00	0.00	0.00	0.00	0.29	4.09	99.99	0.38	19.79	829	174	1059	0	0	0	0	0	2063	174.28	7.88	1.18	5.56	9.28	7.85	17.38	1.04	35.34	10.67
5/6/2019 9:14:33 AM	2.87	0.22	1.15	0.19	0.00	0.00	0.00	0.28	4.43	97.10	0.49	19.80	1522	224	516	6	0	0	0	0	2268	169.23	6.32	1.98	6.41	9.34	8.14	17.01	1.05	35.39	10.68
5/6/2019 9:14:35 AM	0.89	0.36	2.87	0.00	0.00	0.00	0.00	0.38	4.12	96.67	0.67	19.80	472	359	1293	0	0	0	0	0	2124	168.49	9.18	2.03	7.64	10.32	7.28	18.29	1.07	35.42	10.67
5/6/2019 9:14:38 AM	3.00	0.00	0.53	0.80	0.00	0.00	0.00	0.30	4.32	96.73	0.87	19.80	1589	0	238	24	0	0	0	0	1850	168.59	6.67	1.87	5.70	9.50	9.56	17.53	1.09	35.47	10.71
5/6/2019 9:14:40 AM	2.21	0.25	2.01	0.19	0.00	0.00	0.00	0.20	4.66	97.51	1.11	19.80	1170	251	904	6	0	0	0	0	2330	169.96	7.77	2.73	6.99	9.07	8.30	18.04	1.11	35.52	10.70
5/6/2019 9:14:42 AM	3.16	0.00	2.59	0.00	0.00	0.00	0.00	0.00	5.75	96.83	1.31	19.79	1673	0	1165	0	0	0	0	0	2838	168.77	8.51	1.08	6.84	8.50	7.85	21.30	1.13	35.56	10.71
5/6/2019 9:14:45 AM	3.00	0.00	1.10	0.53	0.00	0.00	0.00	0.32	4.63	97.32	1.47	19.77	1590	0	493	16	0	0	0	0	2099	169.62	7.22	2.93	6.39	10.32	8.32	19.03	1.14	35.61	10.71
5/6/2019 9:14:47 AM	4.50	0.00	1.17	0.10	0.00	0.00	0.00	0.14	5.77	97.53	1.68	19.75	2387	0	525	3	0	0	0	0	2915	169.98	6.48	2.06	6.30	9.94	8.22	20.86	1.16	35.66	10.71
5/6/2019 9:14:50 AM	3.73	0.00	1.62	0.25	0.00	0.00	0.00	0.06	5.60	97.11	1.74	19.76	1979	0	729	7	0	0	0	0	2716	169.26	7.41	1.43	6.21	9.04	9.01	20.32	1.17	35.70	10.73
5/6/2019 9:14:52 AM	0.57	0.00	3.51	0.00	0.00	0.00	0.00	0.33	4.09	97.16	1.97	19.67	304	0	1579	0	0	0	0	0	1883	169.35	9.90	2.32	4.73	10.11	7.45	19.75	1.19	35.72	10.75
5/6/2019 9:14:54 AM	2.53	0.21	2.35	0.18	0.00	0.00	0.00	0.35	5.27	97.53	2.21	19.37	1339	214	1057	6	0	0	0	0	2616	170.00	9.16	2.42	7.29	11.65	9.16	21.77	1.22	35.78	10.74
5/6/2019 9:14:57 AM	2.17	0.08	2.93	0.20	0.00	0.00	0.00	0.34	5.38	97.24	2.33	18.78	1148	80	1320	6	0	0	0	0	2554	169.49	10.31	1.59	6.64	11.93	9.52	23.12	1.23	35.83	10.75
5/6/2019 9:14:59 AM	3.68	0.00	1.88	0.61	0.00	0.00	0.00	0.22	6.17	97.62	2.56	17.80	1951	0	847	18	0	0	0	0	2817	170.14	9.55	1.99	7.26	11.63	10.86	24.15	1.25	35.85	10.73
5/6/2019 9:15:01 AM	2.66	0.07	1.90	1.00	0.00	0.00	0.00	0.32	5.64	97.47	2.75	16.78	1412	74	854	30	0	0	0	0	2370	169.89	10.54	3.32	8.24	12.12	11.37	23.55	1.27	35.90	10.76
5/6/2019 9:15:04 AM	1.59	0.31	3.51	0.01	0.00	0.00	0.00	0.35	5.42	97.95	2.89	16.07	845	310	1578	0	0	0	0	0	2733	170.73	10.87	3.31	7.96	12.09	8.94	23.14	1.28	35.92	10.76
5/6/2019 9:15:06 AM	1.84	0.42	3.95	0.00	0.00	0.00	0.00	0.36	6.22	98.20	3.05	15.49	976	424	1778	0	0	0	0	0	3178	171.15	12.32	2.11	9.25	13.30	10.20	25.92	1.30	35.96	10.76
5/6/2019 9:15:09 AM	2.57	0.61	3.96	0.00	0.00	0.00	0.00	0.41	7.14	98.07	3.20	14.76	1362	614	1782	0	0	0	0	0	3758	170.93	13.05	2.82	10.84	15.08	11.50	28.81	1.31	35.99	10.76
5/6/2019 9:15:11 AM	2.69	0.32	3.75	0.65	0.00	0.00	0.00	0.35	7.41	97.56	3.33	13.96	1425	316	1688	20	0	0	0	0	3449	170.04	14.19	3.67	10.34	15.20	13.20	30.59	1.33	36.01	10.78
5/6/2019 9:15:13 AM	3.19	0.31	3.48	0.84	0.00	0.00	0.00	0.34	7.83	97.35	3.60	13.06	1692	307	1568	25	0	0	0	0	3592	169.67	14.38	4.51	11.14	15.71	13.67	31.79	1.35	36.05	10.77
5/6/2019 9:15:16 AM	2.96	0.58	3.21	0.70	0.00	0.00	0.00	0.42	7.45	98.34	3.76	12.36	1567	583	1445	21	0	0	0	0	3617	171.40	13.61	3.64	11.30	15.62	14.29	29.90	1.37	36.05	10.77
5/6/2019 9:15:18 AM	1.81	0.29	3.88	0.91	0.00	0.00	0.00	0.39	6.89	97.99	3.88	12.08	962	287	1745	27	0	0	0	0	3021	170.78	14.87	3.66	10.11	14.97	13.66	29.74	1.38	36.06	10.81
5/6/2019 9:15:20 AM	3.02	0.60	3.24	0.39	0.00	0.00	0.00	0.43	7.25	98.18	4.02	11.98	1599	597	1458	12	0	0	0	0	3666	171.12	12.79	3.20	10.70	15.36	13.24	28.97	1.39	36.09	10.79
5/6/2019 9:15:23 AM	4.11	0.03	2.05	1.38	0.00	0.00	0.00	0.32	7.58	97.94	4.08	11.78	2180	34	925	41	0	0	0	0	3180	170.71	12.89	4.70	10.55	15.05	13.74	30.51	1.40	36.09	10.82
5/6/2019 9:15:25 AM	3.70	0.28	2.43	0.98	0.00	0.00	0.00	0.40	7.40	98.23	4.22	11.64	1960	283	1095	29	0	0	0	0	3369	171.22	12.71	4.49	10.81	15.42	13.33	29.82	1.41	36.12	10.82
5/6/2019 9:15:28 AM	2.49	0.53	3.06	0.95	0.00	0.00	0.00	0.44	7.02	98.14	4.40	11.20	1318	531	1377	28	0	0	0	0	3254	171.05	13.74	3.90	11.13	15.29	14.43	28.94	1.43	36.11	10.80
5/6/2019 9:15:30 AM	2.62	0.60	3.68	0.59	0.00	0.00	0.00	0.38	7.49	98.40	4.54	10.97	1390	597	1655	18	0	0	0	0	3660	171.51	14.04	4.42	11.58	15.34	13.65	30.06	1.45	36.12	10.84
5/6/2019 9:15:32 AM	3.37	0.61	3.16	0.69	0.00	0.00	0.00	0.45	7.83	98.67	4.71	10.75	1787	613	1421	21	0	0	0	0	3842	171.97	13.77	3.75	11.72	16.40	14.63	31.16	1.46	36.11	10.82
5/6/2019 9:15:35 AM	2.52	0.75	4.08	0.42	0.00	0.00	0.00	0.51	7.76	98.15	4.81	10.38	1334	746	1836	12	0	0	0	0	3928	171.08	14.92	3.48	11.81	17.05	14.61	31.85	1.47	36.11	10.86
5/6/2019 9:15:37 AM	3.11	0.97	3.29	0.55	0.00	0.00	0.00	0.49	7.92	98.22	4.97	10.16	1649	971	1479	17	0	0	0	0	4116	171.19	13.88	4.23	13.07	16.70	15.36	30.74	1.49	36.12	10.84
5/6/2019 9:15:39 AM	3.78	0.67	2.19	1.06	0.00	0.00	0.00	0.39	7.70	98.33	5.19	9.96	2003	675	986	32	0	0	0	0	3695	171.38	12.72	4.44	12.39	15.39	15.31	29.36	1.51	36.12	10.83
5/6/2019 9:15:42 AM	3.54	0.80	2.17	1.04	0.00	0.00	0.00	0.40	7.55	98.27	5.42	9.77	1878	800	977	31	0	0	0	0	3686	171.29	12.60	4.50	12.70	15.20	15.54	28.55	1.53	36.11	10.84
5/6/2019 9:15:44 AM	3.98	0.71	1.41	1.47	0.00	0.00	0.00	0.46	7.57	98.20	5.66	9.51	2111	709	634	44	0	0	0	0	3498	171.15	12.46	5.06	13.04	15.85	16.27	28.98	1.55	36.10	10.85
5/6/2019 9:15:47 AM	4.07	0.63	1.46	1.44	0.00	0.00	0.00	0.40	7.61	98.20	5.75	9.51	2158	634	658	43	0	0	0	0	3493	171.15	12.36	4.55	12.57	15.36	16.19	28.88	1.56	36.07	10.87
5/6/2019 9:15:49 AM	4.07	0.69	1.39	1.49	0.00	0.00	0.00	0.40	7.65	98.20	5.88	9.53	2159	692	625	45	0	0	0	0	3521	171.15	12.37	5.21	13.12	15.38	16.24	28.83	1.58	36.09	10.87
5/6/2019 9:15:51 AM	3.72	0.92	2.01	1.20	0.00	0.00	0.00	0.47	7.85	98.02	6.03	9.40	1972	921	903	36	0	0	0	0	3833	170.84	13.12	4.79	13.64	16.28	16.74	29.75	1.59	36.05	10.86
5/6/2019 9:15:54 AM	4.28	0.90	1.91	1.10	0.00	0.00	0.00	0.41	8.19	98.02	6.22	9.20	2266	901	861	33	0	0	0	0	4061	170.84	12.72	4.69	13.67	16.12	16.55	30.19	1.61	36.01	10.88
5/6/2019 9:15:56 AM	4.75	0.95	1.58	1.02	0.00	0.00	0.00	0.33	8.30	98.18	6.42	9.04	2518	947	710	31	0	0	0	0	4207	171.12	11.78	4.48	13.70	15.24	16.45	29.23	1.63	35.99	10.86
5/6/2019 9:15:58 AM	4.69	0.97	1.65	1.06	0.00	0.00	0.00	0.32	8.38	98.13	6.56	9.02	2485	974	744	32	0	0	0	0	4235	171.04	12.04	4.82	14.03	15.33	16.61	29.51	1.64	35.98	10.88
5/6/2019 9:16:01 AM	4.58	0.96	1.60	0.97	0.00	0.00	0.00	0.33	8.12	98.19	6.73	9.01	2426	963	721	29	0	0	0	0	4140	171.14	11.59	4.58	13.61	14.97	16.11	28.57	1.66	35.97	10.89
5/6/2019 9:16:03 AM	4.69	0.88	1.27	1.17	0.00	0.00	0.00	0.35	8.01	98.28	6.86	9.15	2488	875	570	35	0	0	0	0	3968	171.30	11.47	4.59	13.42	15.07	16.32	28.49	1.67	35.93	10.89
5/6/2019 9:16:06 AM	4.83	0.90	1.17	1.07	0.00	0.00	0.00	0.35	7.96	98.26	6.98	9.15	2557	899	524	32	0	0	0	0	4013	171.27	11.02	4.43	13.29	14.96	16.03	28.06	1.68	35.90	10.86
5/6/2019 9:16:08 AM	4.21	0.94	1.45	0.78	0.00	0.00	0.00	0.30	7.38	98.26	7.22	9.08	2232	940	652	23	0	0	0	0	3847	171.26	10.31	4.10	12.56	13.53	14.80	25.63	1.71	35.88	10.86
5/6/2019 9:16:10 AM	4.40	0.82	1.06	0.69	0.00	0.00	0.00	0.29	6.97	98.52	7.34	9.03	2330	823	476	21	0	0	0	0	3649	171.72	9.11	3.46	11.48	12.81	13.84	24.02	1.72	35.83	10.90
5/6/2019 9:16:13 AM	4.37	0.75	0.97	0.80	0.00	0.00	0.00	0.28	6.89	98.42	7.50	8.86	2317	751	435	24	0	0	0	0	3527	171.55	9.13	3.56	11.32	12.67	13.80	23.93	1.74	35.78	10.92
5/6/2019 9:16:15 AM	4.12	0.80	1.02	0.61	0.00	0.00	0.00	0.29	6.55	98.31	7.69	8.71	2182	799	461	18	0	0	0	0	3461	171.34	8.57	3.35	10.95	12.15	13.10	22.58	1.75	35.76	10.90
5/6/2019 9:16:18 AM	3.60	0.76	1.07	0.46	0.00	0.00	0.00	0.27	5.90	98.12	7.86	8.64	1908	764	483	14	0	0	0	0	3169	171.02	7.82	3.08	10.05	11.01	11.92	20.30	1.77	35.70	10.90
5/6/2019 9:16:20 AM	3.49	0.67	0.82	0.61	0.00	0.00	0.00	0.27	5.60	98.03	8.01	8.63	1851	674	369	18	0	0	0	0	2913	170.87	7.59	2.99	9.63	10.70	11.85	19.55	1.79	35.69	10.86
5/6/2019 9:16:22 AM	3.50	0.75	0.81	0.44	0.00	0.00	0.00	0.27	5.51	98.10	8.14	8.71	1854	754	366	13	0	0	0	0	2987	170.98	7.10	2.82	9.59	10.43	11.52	18.80	1.80	35.61	10.87
5/6/2019 9:16:25 AM	3.46	0.65	0.53	0.42	0.00	0.00	0.00	0.26	5.07	98.02	8.35	8.65	1832	653	239	13	0	0	0	0	2737	170.84	6.21	2.61	8.78	9.62	10.64	17.18	1.82	35.55	10.86
5/6/2019 9:16:27 AM	3.42	0.60	0.34	0.47	0.00	0.00	0.00	0.27	4.82	98.17	8.57	8.51	1811	599	152	14	0	0	0	0	2576	171.10	5.86	2.48	8.39	9.41	10.37	16.48	1.84	35.52	10.87
5/6/2019 9:16:29 AM	3.48	0.67	0.44	0.36	0.00	0.00	0.00	0.25	4.95	97.92	8.76	8.58	1842	671	199	11	0	0	0	0	2723	170.66	5.82	2.46	8.62	9.36	10.40	16.54	1.86	35.46	10.88
5/6/2019 9:16:32 AM	3.47	0.64	0.43	0.38	0.00	0.00	0.00	0.25	4.91	98.12	8.89	8.54	1837	636	193	11	0	0	0	0	2677	171.02	5.80	2.52	8.51	9.30	10.26	16.50	1.87	35.39	10.91
5/6/2019 9:16:34 AM	3.13	0.64	0.39	0.33	0.00	0.00	0.00	0.25	4.48	98.04	9.12	8.43	1657	637	174	10	0	0	0	0	2477	170.88	5.37	2.26	8.03	8.71	9.82	15.05	1.89	35.35	10.83
5/6/2019 9:16:37 AM	3.34	0.60	0.32	0.34	0.00	0.00	0.00	0.25	4.59	97.77	9.34	8.31	1769	596	145	10	0	0	0	0	2521	170.41	5.30	2.23	7.97	8.78	9.76	15.38	1.92	35.29	10.84
5/6/2019 9:16:39 AM	3.46	0.61	0.23	0.32	0.00	0.00	0.00	0.24	4.62	97.71	9.44	8.32	1832	614	103	10	0	0	0	0	2559	170.31	5.10	2.24	8.03	8.72	9.77	15.25	1.92	35.24	10.83
5/6/2019 9:16:41 AM	3.46	0.68	0.33	0.26	0.00	0.00	0.00	0.27	4.74	97.28	9.54	8.37	1836	682	150	8	0	0	0	0	2677	169.55	5.29	2.25	8.31	9.16	9.95	15.72	1.93	35.22	10.83
5/6/2019 9:16:44 AM	3.35	0.75	0.57	0.16	0.00	0.00	0.00	0.27	4.84	97.58	9.61	8.45	1777	755	257	5	0	0	0	0	2794	170.08	5.53	2.32	8.57	9.29	9.98	15.99	1.94	35.13	10.88
5/6/2019 9:16:46 AM	3.40	0.78	0.51	0.18	0.00	0.00	0.00	0.26	4.87	97.43	9.75	8.55	1804	777	230	5	0	0	0	0	2817	169.81	5.49	2.35	8.70	9.25	10.15	15.95	1.96	35.08	10.80
5/6/2019 9:16:48 AM	3.36	0.76	0.44	0.21	0.00	0.00	0.00	0.26	4.77	95.98	9.86	8.69	1783	756	197	6	0	0	0	0	2742	167.29	5.36	2.32	8.56	9.08	10.05	15.60	1.97	35.03	10.82
5/6/2019 9:16:51 AM	3.43	0.69	0.41	0.28	0.00	0.00	0.00	0.23	4.81	95.87	9.96	8.60	1818	687	186	8	0	0	0	0	2699	167.10	5.43	2.30	8.42	8.88	10.09	15.74	1.98	34.95	10.78
5/6/2019 9:16:53 AM	3.30	0.75	0.39	0.27	0.00	0.00	0.00	0.26	4.70	95.30	10.10	8.35	1748	748	175	8	0	0	0	0	2678	166.11	5.38	2.40	8.57	8.99	10.13	15.42	1.99	34.91	10.82
5/6/2019 9:16:56 AM	3.25	0.79	0.51	0.18	0.00	0.00	0.00	0.22	4.72	94.36	10.31	8.26	1722	789	228	5	0	0	0	0	2744	164.47	5.29	2.25	8.57	8.60	10.06	15.09	2.01	34.82	10.84
5/6/2019 9:16:58 AM	3.24	0.93	0.60	0.14	0.00	0.00	0.00	0.24	4.92	91.67	10.50	8.19	1718	930	272	4	0	0	0	0	2924	159.79	5.57	2.38	9.22	8.97	10.63	15.52	2.03	34.76	10.82
5/6/2019 9:17:00 AM	3.74	1.33	0.82	0.00	0.00	0.00	0.00	0.18	5.89	87.38	10.53	8.19	1982	1332	368	0	0	0	0	0	3682	152.30	6.09	2.69	11.41	9.46	12.25	17.06	2.03	34.69	10.81
5/6/2019 9:17:03 AM	4.28	3.52	1.64	0.00	0.00	0.00	0.00	0.00	9.45	46.51	10.52	8.29	2270	3521	739	0	0	0	0	0	6531	81.12	9.46	4.20	24.28	7.98	21.52	23.24	2.03	34.62	10.78
5/6/2019 9:17:05 AM	1.16	2.31	0.45	0.00	0.00	0.00	0.00	0.00	3.93	-0.13	10.52	8.28	613	2315	204	0	0	0	0	0	3132	-0.13	3.97	2.01	16.13	1.26	11.25	7.25	2.03	34.54	10.79
5/6/2019 9:17:07 AM	1.03	2.84	0.57	0.00	0.00	0.00	0.00	0.00	4.43	-0.12	10.55	8.22	546	2837	255	0	0	0	0	0	3638	-0.11	4.59	2.41	18.86	1.30	13.15	7.66	2.03	34.50	10.77
5/6/2019 9:17:10 AM	0.90	2.35	0.39	0.00	0.00	0.00	0.00	0.00	3.65	-0.06	10.56	8.22	480	2351	176	0	0	0	0	0	3007	-0.01	3.73	1.98	16.03	0.97	11.09	6.10	2.03	34.42	10.77
5/6/2019 9:17:12 AM	1.94	4.20	1.44	0.00	0.00	0.00	0.00	0.00	7.58	2.38	10.17	8.26	1026	4198	649	0	0	0	0	0	5874	4.23	8.17	3.90	27.04	3.51	20.48	15.58	2.00	34.34	10.74
5/6/2019 9:17:15 AM	5.28	3.31	2.08	0.00	0.00	0.00	0.00	0.00	10.66	47.48	9.57	8.25	2797	3307	935	0	0	0	0	0	7039	82.81	11.01	4.57	24.23	11.00	22.11	27.84	1.94	34.27	10.76
5/6/2019 9:17:17 AM	4.11	1.35	1.16	0.00	0.00	0.00	0.00	0.10	6.62	82.13	8.94	8.32	2178	1347	521	0	0	0	0	0	4047	143.16	6.93	2.95	12.06	9.78	12.97	19.13	1.88	34.23	10.75
5/6/2019 9:17:19 AM	3.43	0.86	0.52	0.25	0.00	0.00	0.00	0.25	5.06	94.83	8.34	8.36	1820	862	232	7	0	0	0	0	2921	165.28	5.76	2.57	9.28	9.34	10.75	16.28	1.82	34.14	10.73
5/6/2019 9:17:22 AM	3.43	0.76	0.76	0.41	0.00	0.00	0.00	0.26	5.35	97.13	7.78	8.40	1816	760	341	12	0	0	0	0	2929	169.29	6.79	2.75	9.41	10.09	11.25	18.09	1.76	34.07	10.71
5/6/2019 9:17:24 AM	3.73	0.79	0.91	0.72	0.00	0.00	0.00	0.34	6.14	97.61	7.23	8.52	1975	788	408	22	0	0	0	0	3191	170.13	8.52	3.60	10.81	12.14	12.94	21.72	1.71	34.00	10.73
5/6/2019 9:17:26 AM	4.35	0.94	1.18	0.81	0.00	0.00	0.00	0.31	7.27	97.54	6.65	8.66	2305	936	529	24	0	0	0	0	3794	170.00	9.85	4.06	12.46	13.41	14.71	25.08	1.65	33.93	10.72
5/6/2019 9:17:29 AM	4.37	1.03	1.42	0.98	0.00	0.00	0.00	0.37	7.81	97.47	6.19	8.76	2318	1033	641	29	0	0	0	0	4021	169.89	11.23	4.71	13.67	14.90	16.01	27.54	1.61	33.85	10.71
5/6/2019 9:17:31 AM	4.36	0.89	1.21	1.42	0.00	0.00	0.00	0.44	7.89	97.37	5.72	8.89	2312	893	547	43	0	0	0	0	3794	169.72	12.18	5.10	13.87	15.92	17.00	29.05	1.56	33.78	10.71
5/6/2019 9:17:34 AM	3.39	1.07	2.25	0.91	0.00	0.00	0.00	0.44	7.62	96.87	5.17	9.14	1795	1074	1013	27	0	0	0	0	3910	168.85	12.67	4.14	13.42	15.57	16.44	28.31	1.51	33.71	10.67
5/6/2019 9:17:36 AM	3.74	0.59	1.51	1.38	0.00	0.00	0.00	0.47	7.23	96.35	4.50	9.49	1980	593	681	42	0	0	0	0	3296	167.94	12.27	4.52	12.11	15.60	15.57	28.37	1.44	33.65	10.68
5/6/2019 9:17:38 AM	3.51	0.60	1.92	1.26	0.00	0.00	0.00	0.40	7.30	96.69	3.94	9.95	1863	603	865	38	0	0	0	0	3369	168.53	12.56	4.28	11.98	15.01	15.46	28.33	1.39	33.57	10.67
5/6/2019 9:17:41 AM	3.32	0.36	1.79	1.25	0.00	0.00	0.00	0.48	6.72	96.18	3.40	10.70	1757	356	806	38	0	0	0	0	2957	167.63	12.08	4.36	10.74	15.12	13.90	27.63	1.33	33.50	10.65
5/6/2019 9:17:43 AM	2.51	0.31	2.47	1.26	0.00	0.00	0.00	0.42	6.56	96.04	2.82	12.52	1330	310	1113	38	0	0	0	0	2791	167.39	13.11	4.17	10.41	14.53	13.96	27.62	1.28	33.42	10.64
5/6/2019 9:17:45 AM	2.70	0.00	1.04	1.64	0.00	0.00	0.00	0.59	5.38	95.13	2.23	14.77	1430	0	467	49	0	0	0	0	1947	165.82	11.11	3.86	8.30	14.45	13.07	24.89	1.22	33.39	10.62
5/6/2019 9:17:48 AM	4.66	0.27	1.36	0.42	0.00	0.00	0.00	0.12	6.71	96.34	1.66	17.25	2472	273	612	12	0	0	0	0	3370	167.92	8.24	2.31	8.66	11.00	11.09	23.41	1.16	33.32	10.61
5/6/2019 9:17:50 AM	2.71	0.00	0.99	1.08	0.00	0.00	0.00	0.37	4.78	95.72	1.07	18.86	1439	0	447	32	0	0	0	0	1918	166.83	8.56	2.63	5.88	10.99	11.29	20.60	1.10	33.25	10.61
5/6/2019 9:17:53 AM	3.76	0.05	0.05	0.96	0.00	0.00	0.00	0.33	4.83	86.09	0.61	19.28	1993	52	23	29	0	0	0	0	2096	150.06	6.59	3.68	7.54	10.54	9.43	18.83	1.06	33.22	10.61
5/6/2019 9:17:55 AM	3.25	0.45	1.25	0.26	0.00	0.00	0.00	0.17	5.22	90.69	0.61	19.48	1724	453	563	8	0	0	0	0	2748	158.08	6.95	1.92	7.80	9.22	10.02	18.21	1.06	33.17	10.59
5/6/2019 9:17:57 AM	0.78	0.50	0.84	0.00	0.00	0.00	0.00	0.06	2.12	73.82	0.33	19.28	412	500	380	0	0	0	0	0	1292	128.69	3.60	-0.04	5.70	3.42	5.86	6.41	1.03	33.13	10.59
5/6/2019 9:18:00 AM	0.00	0.01	0.11	0.00	0.00	0.00	0.00	0.00	0.12	81.94	0.19	18.70	0	13	49	0	0	0	0	0	62	142.83	1.46	-1.12	2.29	-1.19	2.23	0.19	1.02	33.08	10.58
5/6/2019 9:18:02 AM	0.59	0.00	0.00	0.00	0.00	0.00	0.00	0.00	0.59	84.91	0.18	17.95	311	0	0	0	0	0	0	0	311	148.01	0.60	-0.78	2.88	0.34	2.23	1.65	1.02	33.06	10.58
5/6/2019 9:18:04 AM	0.00	0.21	0.00	0.00	0.00	0.00	0.00	0.00	0.21	84.74	0.17	17.33	0	208	0	0	0	0	0	0	208	147.72	-0.63	0.23	3.37	-0.51	2.74	-1.52	1.02	33.01	10.56
5/6/2019 9:18:07 AM	0.21	0.16	0.00	0.14	0.00	0.00	0.00	0.00	0.51	79.59	0.19	16.80	109	161	0	4	0	0	0	0	274	138.74	0.84	0.45	2.15	0.33	4.50	1.04	1.02	32.98	10.54
5/6/2019 9:18:09 AM	0.14	0.15	0.00	0.00	0.00	0.00	0.00	0.00	0.29	82.20	0.18	16.36	75	148	0	0	0	0	0	0	224	143.28	-0.09	-1.22	2.14	-0.60	3.82	0.51	1.02	32.94	10.54
5/6/2019 9:18:12 AM	0.00	0.29	0.00	0.00	0.00	0.00	0.00	0.00	0.29	81.34	0.19	15.98	0	292	0	0	0	0	0	0	292	141.78	-1.18	-2.76	2.84	0.38	4.51	-0.64	1.02	32.91	10.54
5/6/2019 9:18:14 AM	0.07	0.48	0.00	0.00	0.00	0.00	0.00	0.00	0.55	81.15	0.19	15.64	39	478	0	0	0	0	0	0	517	141.46	0.31	-0.98	3.29	0.37	5.30	0.05	1.02	32.88	10.50
5/6/2019 9:18:16 AM	0.00	0.66	0.00	0.00	0.00	0.00	0.00	0.13	0.66	79.79	0.19	15.34	0	664	0	0	0	0	0	0	664	139.08	0.21	-1.22	4.79	2.07	5.54	0.75	1.02	32.84	10.53
5/6/2019 9:18:19 AM	0.25	0.16	0.00	0.00	0.00	0.00	0.00	0.00	0.40	78.54	0.19	15.16	130	159	0	0	0	0	0	0	289	136.91	-1.56	-0.99	4.03	-0.20	2.33	0.97	1.02	32.81	10.50
5/6/2019 9:18:21 AM	0.00	0.73	0.00	0.00	0.00	0.00	0.00	0.14	0.73	79.03	0.18	15.01	0	732	0	0	0	0	0	0	732	137.76	0.90	0.12	6.02	2.25	4.53	0.61	1.02	32.76	10.50
5/6/2019 9:18:23 AM	0.00	0.18	0.64	0.00	0.00	0.00	0.00	0.00	0.81	83.81	0.18	14.88	0	178	286	0	0	0	0	0	465	146.09	3.30	1.12	3.73	1.32	2.70	1.76	1.02	32.73	10.48
5/6/2019 9:18:26 AM	0.00	0.52	0.00	0.00	0.00	0.00	0.00	0.00	0.52	84.91	0.18	14.77	0	524	0	0	0	0	0	0	524	148.00	0.38	0.20	4.22	0.56	4.36	-0.61	1.02	32.69	10.48
5/6/2019 9:18:28 AM	0.00	0.36	0.18	0.00	0.00	0.00	0.00	0.00	0.53	86.19	0.18	14.70	0	357	79	0	0	0	0	0	436	150.23	2.22	-0.25	3.09	-0.35	4.39	0.24	1.02	32.68	10.49
5/6/2019 9:18:31 AM	0.10	0.61	0.00	0.00	0.00	0.00	0.00	0.00	0.71	86.71	0.18	14.63	51	608	0	0	0	0	0	0	660	151.14	0.67	1.92	4.18	0.61	5.04	0.16	1.02	32.66	10.48
5/6/2019 9:18:33 AM	0.00	0.45	0.53	0.00	0.00	0.00	0.00	0.02	0.98	81.34	0.17	14.58	0	450	240	0	0	0	0	0	691	141.79	2.84	0.11	4.39	1.52	4.55	1.88	1.02	32.65	10.47
5/6/2019 9:18:35 AM	0.00	0.32	0.00	0.00	0.00	0.00	0.00	0.15	0.32	83.77	0.17	14.54	0	320	0	0	0	0	0	0	320	146.03	-0.16	0.48	1.84	2.90	5.18	-0.27	1.02	32.61	10.46
5/6/2019 9:18:38 AM	0.08	0.00	0.00	0.00	0.00	0.00	0.00	0.11	0.08	85.47	0.16	14.51	44	0	0	0	0	0	0	0	44	148.99	0.41	-0.93	1.12	1.12	2.65	1.02	1.02	32.57	10.44
5/6/2019 9:18:40 AM	0.00	0.45	0.00	0.00	0.00	0.00	0.00	0.14	0.45	83.80	0.16	14.48	0	447	0	0	0	0	0	0	447	146.08	0.98	1.14	4.25	2.00	3.56	0.45	1.02	32.57	10.45
5/6/2019 9:18:42 AM	0.00	0.79	0.00	0.00	0.00	0.00	0.00	0.00	0.79	85.41	0.16	14.45	0	788	0	0	0	0	0	0	788	148.88	0.83	-0.43	5.05	-0.15	6.10	-0.25	1.02	32.55	10.46
5/6/2019 9:18:45 AM	0.09	0.12	0.00	0.00	0.00	0.00	0.00	0.00	0.21	84.13	0.16	14.42	50	121	0	0	0	0	0	0	171	146.65	-1.68	0.19	2.94	-0.75	2.68	0.59	1.02	32.53	10.44
5/6/2019 9:18:47 AM	0.13	0.71	0.00	0.00	0.00	0.00	0.00	0.00	0.83	85.53	0.16	14.40	67	707	0	0	0	0	0	0	774	149.10	-1.99	0.92	4.58	0.98	6.17	0.49	1.02	32.52	10.43
5/6/2019 9:18:50 AM	0.14	0.45	0.00	0.00	0.00	0.00	0.00	0.00	0.59	84.32	0.15	14.38	76	451	0	0	0	0	0	0	527	146.98	-0.81	1.34	3.95	0.26	4.29	0.49	1.02	32.49	10.43
5/6/2019 9:18:52 AM	0.00	0.57	0.00	0.00	0.00	0.00	0.00	0.24	0.57	85.79	0.15	14.35	0	570	0	0	0	0	0	0	570	149.53	-1.36	-2.04	4.81	4.10	5.17	0.96	1.01	32.49	10.43
5/6/2019 9:18:54 AM	0.00	0.66	0.16	0.00	0.00	0.00	0.00	0.00	0.82	84.56	0.15	14.31	0	660	73	0	0	0	0	0	733	147.40	1.88	-0.19	4.86	0.49	5.24	0.35	1.01	32.47	10.40
5/6/2019 9:18:57 AM	0.05	0.84	0.00	0.00	0.00	0.00	0.00	0.00	0.89	85.45	0.15	14.30	26	841	0	0	0	0	0	0	866	148.94	-0.20	-1.54	6.13	-0.06	5.92	0.48	1.01	32.44	10.42
5/6/2019 9:18:59 AM	0.00	0.79	0.00	0.00	0.00	0.00	0.00	0.00	0.79	85.01	0.15	14.30	0	793	0	0	0	0	0	0	793	148.19	0.70	-0.06	6.15	0.24	4.94	-0.64	1.01	32.43	10.42
5/6/2019 9:19:01 AM	0.00	0.78	0.00	0.00	0.00	0.00	0.00	0.00	0.78	85.30	0.14	14.28	0	784	0	0	0	0	0	0	784	148.69	0.64	-1.03	6.23	0.04	4.98	-0.55	1.01	32.42	10.41
5/6/2019 9:19:04 AM	0.08	0.43	0.00	0.23	0.00	0.00	0.00	0.00	0.74	85.58	0.14	14.26	44	426	0	7	0	0	0	0	477	149.18	0.30	0.05	2.60	-1.11	7.29	1.92	1.01	32.42	10.41
5/6/2019 9:19:06 AM	0.00	0.68	0.00	0.00	0.00	0.00	0.00	0.01	0.68	85.43	0.13	14.25	0	678	0	0	0	0	0	0	678	148.91	0.48	1.18	3.50	1.07	6.30	-0.81	1.01	32.40	10.40
5/6/2019 9:19:09 AM	0.01	0.65	0.00	0.00	0.00	0.00	0.00	0.00	0.66	85.48	0.14	14.22	4	651	0	0	0	0	0	0	655	149.00	-0.52	0.30	3.86	0.07	6.13	0.16	1.01	32.39	10.38
5/6/2019 9:19:11 AM	0.00	0.93	0.00	0.00	0.00	0.00	0.00	0.12	0.93	85.68	0.13	14.21	0	931	0	0	0	0	0	0	931	149.34	1.12	0.57	6.18	3.27	5.97	-0.81	1.01	32.38	10.38
5/6/2019 9:19:13 AM	0.00	0.79	0.00	0.00	0.00	0.00	0.00	0.00	0.79	85.14	0.13	14.21	0	793	0	0	0	0	0	0	793	148.40	-0.15	-1.70	4.98	0.26	6.67	-1.44	1.01	32.36	10.39
5/6/2019 9:19:16 AM	0.00	0.93	0.00	0.00	0.00	0.00	0.00	0.10	0.93	85.40	0.14	14.20	0	931	0	0	0	0	0	0	931	148.86	0.96	-0.04	5.22	2.92	7.08	-0.88	1.01	32.35	10.39
5/6/2019 9:19:18 AM	0.00	0.82	0.00	0.00	0.00	0.00	0.00	0.00	0.82	85.09	0.14	14.19	0	822	0	0	0	0	0	0	822	148.31	-0.39	1.18	5.14	1.05	6.09	-0.68	1.01	32.35	10.37
5/6/2019 9:19:20 AM	0.00	1.03	0.00	0.00	0.00	0.00	0.00	0.04	1.03	83.62	0.12	14.16	0	1025	0	0	0	0	0	0	1025	145.76	0.58	0.51	5.93	2.44	7.07	-1.24	1.01	32.36	10.38
5/6/2019 9:19:23 AM	0.00	0.91	0.00	0.00	0.00	0.00	0.00	0.01	0.91	85.74	0.13	14.17	0	908	0	0	0	0	0	0	908	149.45	-0.98	0.34	6.18	1.16	6.05	0.02	1.01	32.35	10.37
5/6/2019 9:19:25 AM	0.00	0.89	0.00	0.00	0.00	0.00	0.00	0.02	0.89	85.19	0.13	14.17	0	889	0	0	0	0	0	0	889	148.49	0.36	0.78	5.35	1.41	6.44	-0.47	1.01	32.33	10.37
5/6/2019 9:19:28 AM	0.00	0.72	0.00	0.00	0.00	0.00	0.00	0.00	0.72	86.23	0.13	14.17	0	722	0	0	0	0	0	0	722	150.30	-0.91	-0.25	5.25	0.68	5.53	-1.36	1.01	32.32	10.37
5/6/2019 9:19:30 AM	0.00	1.15	0.00	0.00	0.00	0.00	0.00	0.00	1.15	84.30	0.13	14.17	0	1151	0	0	0	0	0	0	1151	146.95	-0.08	-0.24	6.43	1.26	8.04	-1.37	1.01	32.32	10.38
5/6/2019 9:19:32 AM	0.00	0.80	0.00	0.00	0.00	0.00	0.00	0.00	0.80	85.00	0.13	14.16	0	798	0	0	0	0	0	0	798	148.17	-0.25	-0.55	4.61	0.64	6.82	-1.25	1.01	32.30	10.38
5/6/2019 9:19:35 AM	0.35	0.79	0.00	0.00	0.00	0.00	0.00	0.00	1.14	84.50	0.13	14.16	186	789	0	0	0	0	0	0	975	147.30	0.98	-0.11	5.05	1.08	6.56	1.00	1.01	32.30	10.37
5/6/2019 9:19:37 AM	0.04	0.88	0.00	0.00	0.00	0.00	0.00	0.10	0.92	85.47	0.13	14.15	19	881	0	0	0	0	0	0	900	148.98	-1.91	0.54	5.53	2.30	6.79	0.95	1.01	32.29	10.35
5/6/2019 9:19:39 AM	0.15	0.95	0.00	0.00	0.00	0.00	0.00	0.00	1.10	85.95	0.12	14.14	81	947	0	0	0	0	0	0	1029	149.82	-0.34	1.32	5.60	0.91	7.04	0.57	1.01	32.28	10.35
5/6/2019 9:19:42 AM	0.19	0.95	0.00	0.00	0.00	0.00	0.00	0.00	1.14	85.87	0.13	14.12	101	945	0	0	0	0	0	0	1046	149.68	0.10	-0.47	6.37	1.06	6.52	0.60	1.01	32.29	10.34
5/6/2019 9:19:44 AM	0.12	1.02	0.00	0.00	0.00	0.00	0.00	0.00	1.13	83.67	0.12	14.12	63	1015	0	0	0	0	0	0	1078	145.85	0.79	2.51	6.57	0.08	6.29	0.67	1.01	32.27	10.36
5/6/2019 9:19:47 AM	0.00	0.96	0.00	0.00	0.00	0.00	0.00	0.00	0.96	83.94	0.11	14.10	0	958	0	0	0	0	0	0	958	146.32	0.37	-0.22	5.85	-0.30	7.00	-0.83	1.01	32.27	10.36
5/6/2019 9:19:49 AM	0.00	1.07	0.00	0.00	0.00	0.00	0.00	0.00	1.07	84.92	0.12	14.10	0	1074	0	0	0	0	0	0	1074	148.02	0.59	1.36	6.59	0.52	6.92	-1.89	1.01	32.26	10.36
5/6/2019 9:19:51 AM	0.17	0.88	0.00	0.00	0.00	0.00	0.00	0.00	1.06	85.82	0.13	14.11	92	884	0	0	0	0	0	0	976	149.59	-0.35	1.27	5.73	0.18	6.48	0.91	1.01	32.24	10.36
5/6/2019 9:19:54 AM	0.27	0.97	0.00	0.00	0.00	0.00	0.00	0.00	1.24	85.96	0.12	14.11	143	974	0	0	0	0	0	0	1117	149.84	-0.42	-0.22	7.41	0.84	5.95	1.10	1.01	32.24	10.34
5/6/2019 9:19:56 AM	0.00	1.20	0.00	0.00	0.00	0.00	0.00	0.02	1.20	85.98	0.11	14.10	0	1195	0	0	0	0	0	0	1195	149.88	-0.57	0.36	8.53	2.67	6.10	-1.27	1.01	32.24	10.32
5/6/2019 9:19:59 AM	0.00	1.14	0.02	0.00	0.00	0.00	0.00	0.00	1.16	85.84	0.12	14.10	0	1145	8	0	0	0	0	0	1153	149.62	2.16	0.73	8.10	-0.30	5.87	0.11	1.01	32.22	10.35
5/6/2019 9:20:01 AM	0.00	0.94	0.00	0.00	0.00	0.00	0.00	0.00	0.94	85.31	0.12	14.08	0	944	0	0	0	0	0	0	944	148.70	0.57	0.08	5.81	0.72	6.66	-1.25	1.01	32.23	10.35
5/6/2019 9:20:03 AM	0.00	1.11	0.00	0.00	0.00	0.00	0.00	0.00	1.11	85.02	0.12	14.07	0	1113	0	0	0	0	0	0	1113	148.20	-0.77	-0.83	6.27	-0.10	8.27	-0.45	1.01	32.24	10.33
5/6/2019 9:20:06 AM	0.08	1.05	0.00	0.00	0.00	0.00	0.00	0.00	1.13	85.23	0.12	14.07	45	1047	0	0	0	0	0	0	1091	148.56	0.63	-0.60	6.51	0.43	7.13	0.45	1.01	32.22	10.33
5/6/2019 9:20:08 AM	0.00	1.31	0.00	0.00	0.00	0.00	0.00	0.00	1.31	86.52	0.11	14.08	0	1311	0	0	0	0	0	0	1311	150.82	2.19	-1.10	7.88	-0.05	7.94	-0.60	1.01	32.21	10.32
5/6/2019 9:20:10 AM	0.00	0.75	0.00	0.17	0.00	0.00	0.00	0.00	0.92	86.30	0.12	14.06	0	750	0	5	0	0	0	0	755	150.43	1.63	0.80	4.39	0.18	7.24	0.49	1.01	32.20	10.32
5/6/2019 9:20:13 AM	0.00	1.21	0.00	0.00	0.00	0.00	0.00	0.00	1.21	85.77	0.12	14.06	0	1208	0	0	0	0	0	0	1208	149.50	0.15	1.75	7.41	0.03	7.30	-0.37	1.01	32.20	10.32
5/6/2019 9:20:15 AM	0.00	0.85	0.00	0.00	0.00	0.00	0.00	0.00	0.85	84.97	0.11	14.03	0	848	0	0	0	0	0	0	848	148.12	-0.67	0.95	5.28	1.18	6.30	-1.10	1.01	32.18	10.33
5/6/2019 9:20:18 AM	0.07	0.90	0.00	0.00	0.00	0.00	0.00	0.00	0.97	85.52	0.12	14.00	35	902	0	0	0	0	0	0	938	149.08	-0.14	0.21	6.57	-0.28	5.78	0.67	1.01	32.20	10.31
5/6/2019 9:20:20 AM	0.53	0.78	0.00	0.00	0.00	0.00	0.00	0.00	1.31	86.25	0.12	13.98	281	776	0	0	0	0	0	0	1057	150.34	-0.57	0.87	6.12	1.42	5.73	1.74	1.01	32.16	10.32
5/6/2019 9:20:22 AM	0.00	0.83	0.00	0.00	0.00	0.00	0.00	0.00	0.83	85.71	0.11	13.99	0	829	0	0	0	0	0	0	829	149.40	-0.34	0.83	5.07	-0.06	6.48	-0.77	1.01	32.17	10.32
5/6/2019 9:20:25 AM	0.00	0.91	0.00	0.00	0.00	0.00	0.00	0.08	0.91	86.45	0.11	13.99	0	909	0	0	0	0	0	0	909	150.69	0.06	-0.37	6.16	3.19	6.04	-1.36	1.01	32.17	10.31
5/6/2019 9:20:27 AM	0.00	0.92	0.00	0.00	0.00	0.00	0.00	0.00	0.92	85.31	0.11	14.00	0	921	0	0	0	0	0	0	921	148.69	1.44	1.36	6.65	0.45	5.14	-0.30	1.01	32.17	10.31
5/6/2019 9:20:29 AM	0.00	1.05	0.00	0.00	0.00	0.00	0.00	0.00	1.05	86.54	0.11	14.00	0	1055	0	0	0	0	0	0	1055	150.84	0.67	-0.62	6.47	0.52	7.09	-0.40	1.01	32.16	10.31
5/6/2019 9:20:32 AM	0.50	0.79	0.00	0.00	0.00	0.00	0.00	0.12	1.29	85.74	0.11	13.98	266	787	0	0	0	0	0	0	1053	149.45	1.44	-0.40	5.51	2.49	6.50	2.41	1.01	32.16	10.32
5/6/2019 9:20:34 AM	0.42	1.15	0.00	0.00	0.00	0.00	0.00	0.00	1.57	86.96	0.11	13.95	221	1151	0	0	0	0	0	0	1372	151.57	0.18	1.12	8.30	1.72	6.50	1.38	1.01	32.14	10.29
5/6/2019 9:20:37 AM	0.00	1.09	0.00	0.00	0.00	0.00	0.00	0.03	1.09	85.73	0.11	13.95	0	1095	0	0	0	0	0	0	1095	149.43	-0.05	1.67	6.70	1.73	6.85	-0.14	1.01	32.15	10.30
5/6/2019 9:20:39 AM	0.10	1.12	0.00	0.00	0.00	0.00	0.00	0.00	1.21	87.02	0.11	13.96	51	1118	0	0	0	0	0	0	1169	151.67	0.24	1.47	5.93	0.16	8.13	0.70	1.01	32.15	10.30
5/6/2019 9:20:41 AM	0.00	0.93	0.00	0.00	0.00	0.00	0.00	0.07	0.93	85.39	0.11	13.97	0	934	0	0	0	0	0	0	934	148.84	1.36	0.34	5.60	1.55	6.61	0.16	1.01	32.14	10.29
5/6/2019 9:20:44 AM	0.03	1.02	0.00	0.00	0.00	0.00	0.00	0.00	1.05	85.95	0.11	13.98	17	1016	0	0	0	0	0	0	1033	149.82	0.64	1.19	6.33	0.52	6.57	0.18	1.01	32.14	10.29
5/6/2019 9:20:46 AM	0.00	0.86	0.00	0.13	0.00	0.00	0.00	0.00	0.98	86.00	0.12	14.00	0	855	0	4	0	0	0	0	859	149.90	2.45	1.53	5.66	0.74	6.27	-0.06	1.01	32.11	10.29
5/6/2019 9:20:48 AM	0.00	1.13	0.00	0.00	0.00	0.00	0.00	0.05	1.13	87.88	0.11	13.98	0	1130	0	0	0	0	0	0	1130	153.18	-1.41	-0.17	6.49	1.94	7.98	0.40	1.01	32.13	10.29
5/6/2019 9:20:51 AM	0.00	1.07	0.00	0.00	0.00	0.00	0.00	0.00	1.07	86.74	0.11	14.00	0	1070	0	0	0	0	0	0	1070	151.20	-1.07	-0.59	6.41	0.37	7.64	-0.23	1.01	32.11	10.29
5/6/2019 9:20:53 AM	0.00	1.11	0.00	0.00	0.00	0.00	0.00	0.04	1.11	86.29	0.11	14.00	0	1105	0	0	0	0	0	0	1105	150.42	-0.92	0.98	5.59	1.91	8.36	-0.06	1.01	32.11	10.28
5/6/2019 9:20:56 AM	0.02	0.98	0.00	0.00	0.00	0.00	0.00	0.00	1.00	85.63	0.11	13.99	12	978	0	0	0	0	0	0	990	149.26	0.33	0.52	6.37	0.11	6.40	0.33	1.01	32.11	10.29
5/6/2019 9:20:58 AM	0.00	1.00	0.00	0.01	0.00	0.00	0.00	0.00	1.01	87.07	0.11	13.99	0	1004	0	0	0	0	0	0	1004	151.76	0.36	0.81	4.91	-0.70	8.21	0.54	1.01	32.11	10.30
5/6/2019 9:21:00 AM	0.42	0.95	0.00	0.00	0.00	0.00	0.00	0.00	1.37	87.08	0.11	13.97	222	952	0	0	0	0	0	0	1174	151.79	-1.16	-0.42	7.24	1.74	6.28	1.40	1.01	32.11	10.29
5/6/2019 9:21:03 AM	0.15	0.94	0.00	0.00	0.00	0.00	0.00	0.00	1.09	85.71	0.12	13.95	78	939	0	0	0	0	0	0	1017	149.41	0.40	-0.49	5.12	0.97	7.64	0.43	1.01	32.11	10.28
5/6/2019 9:21:05 AM	0.00	1.17	0.00	0.00	0.00	0.00	0.00	0.00	1.17	86.99	0.11	13.92	0	1166	0	0	0	0	0	0	1166	151.63	-0.51	-0.24	7.77	-0.88	7.16	-0.05	1.01	32.10	10.26
5/6/2019 9:21:07 AM	0.00	0.94	0.00	0.00	0.00	0.00	0.00	0.02	0.94	86.40	0.11	13.93	0	942	0	0	0	0	0	0	942	150.60	0.16	-0.86	6.08	1.10	6.53	0.09	1.01	32.09	10.27
5/6/2019 9:21:10 AM	0.08	1.02	0.00	0.00	0.00	0.00	0.00	0.01	1.10	85.66	0.11	13.95	43	1020	0	0	0	0	0	0	1064	149.31	0.31	-0.08	6.59	1.11	6.68	0.30	1.01	32.09	10.29
5/6/2019 9:21:12 AM	0.00	0.86	0.00	0.00	0.00	0.00	0.00	0.09	0.86	85.89	0.11	13.95	0	860	0	0	0	0	0	0	860	149.71	-0.20	0.10	5.41	2.83	6.38	-0.64	1.01	32.10	10.27
5/6/2019 9:21:15 AM	0.00	1.23	0.00	0.00	0.00	0.00	0.00	0.01	1.23	86.70	0.12	13.96	0	1229	0	0	0	0	0	0	1229	151.12	0.94	0.06	7.62	1.73	7.21	-0.73	1.01	32.09	10.27
5/6/2019 9:21:17 AM	0.00	1.06	0.00	0.00	0.00	0.00	0.00	0.00	1.06	85.93	0.11	13.97	0	1059	0	0	0	0	0	0	1059	149.78	1.35	0.76	6.30	1.18	6.86	-1.03	1.01	32.09	10.25
5/6/2019 9:21:19 AM	0.12	1.05	0.00	0.00	0.00	0.00	0.00	0.00	1.17	86.44	0.11	13.97	66	1050	0	0	0	0	0	0	1116	150.67	-0.13	0.48	6.07	0.40	7.64	0.72	1.01	32.08	10.25
5/6/2019 9:21:22 AM	0.28	1.26	0.00	0.00	0.00	0.00	0.00	0.00	1.54	84.97	0.11	13.96	150	1261	0	0	0	0	0	0	1410	148.10	0.08	-0.01	7.39	1.14	8.50	1.17	1.01	32.07	10.25
5/6/2019 9:21:24 AM	0.00	1.02	0.00	0.00	0.00	0.00	0.00	0.00	1.02	85.50	0.11	13.96	0	1017	0	0	0	0	0	0	1017	149.03	0.56	0.32	6.49	0.55	6.53	-0.13	1.01	32.09	10.25
5/6/2019 9:21:26 AM	0.00	0.94	0.00	0.00	0.00	0.00	0.00	0.00	0.94	85.86	0.11	13.96	0	938	0	0	0	0	0	0	938	149.66	0.77	-1.86	6.50	0.33	6.26	-0.99	1.01	32.08	10.24
5/6/2019 9:21:29 AM	0.00	1.11	0.00	0.00	0.00	0.00	0.00	0.06	1.11	85.38	0.12	13.95	0	1110	0	0	0	0	0	0	1110	148.82	1.42	0.98	7.07	2.67	6.48	-1.13	1.01	32.07	10.25
5/6/2019 9:21:31 AM	0.00	1.17	0.00	0.00	0.00	0.00	0.00	0.00	1.17	84.46	0.11	13.95	0	1167	0	0	0	0	0	0	1167	147.22	1.07	1.37	6.86	0.70	7.41	-2.39	1.01	32.06	10.24
5/6/2019 9:21:34 AM	0.00	1.00	0.00	0.00	0.00	0.00	0.00	0.00	1.00	85.84	0.11	13.96	0	998	0	0	0	0	0	0	998	149.62	-0.18	0.03	5.28	0.15	7.95	-1.10	1.01	32.06	10.26
5/6/2019 9:21:36 AM	0.00	1.30	0.00	0.00	0.00	0.00	0.00	0.04	1.30	85.46	0.11	13.95	0	1297	0	0	0	0	0	0	1297	148.96	-0.84	0.08	7.29	2.10	8.52	0.13	1.01	32.04	10.25
5/6/2019 9:21:38 AM	0.00	1.15	0.00	0.00	0.00	0.00	0.00	0.00	1.15	85.67	0.11	13.93	0	1155	0	0	0	0	0	0	1155	149.33	-1.92	0.86	7.14	0.57	7.55	-0.49	1.01	32.04	10.23
5/6/2019 9:21:41 AM	0.09	1.15	0.00	0.00	0.00	0.00	0.00	0.00	1.24	85.25	0.11	13.93	46	1152	0	0	0	0	0	0	1198	148.59	0.17	-0.27	6.92	-0.01	7.77	0.78	1.01	32.03	10.23
5/6/2019 9:21:43 AM	0.00	1.25	0.00	0.00	0.00	0.00	0.00	0.00	1.25	84.88	0.11	13.93	0	1248	0	0	0	0	0	0	1248	147.95	1.76	1.06	7.28	-0.13	7.70	-1.02	1.01	32.05	10.23
5/6/2019 9:21:45 AM	0.00	1.28	0.00	0.00	0.00	0.00	0.00	0.00	1.28	85.33	0.11	13.94	0	1284	0	0	0	0	0	0	1284	148.73	0.07	0.72	7.85	1.25	7.55	-0.53	1.01	32.03	10.22
5/6/2019 9:21:48 AM	0.00	1.27	0.00	0.00	0.00	0.00	0.00	0.00	1.27	85.87	0.11	13.94	0	1270	0	0	0	0	0	0	1270	149.69	0.25	0.17	6.78	-0.61	8.93	-0.66	1.01	32.04	10.23
5/6/2019 9:21:50 AM	0.33	1.03	0.00	0.00	0.00	0.00	0.00	0.00	1.36	86.53	0.10	13.93	175	1029	0	0	0	0	0	0	1204	150.82	-0.53	1.95	6.16	0.17	7.61	1.64	1.01	32.03	10.23
5/6/2019 9:21:53 AM	0.00	1.16	0.00	0.00	0.00	0.00	0.00	0.09	1.16	85.70	0.11	13.93	0	1163	0	0	0	0	0	0	1163	149.39	1.25	-0.10	5.34	2.82	9.07	-0.54	1.01	32.03	10.23
5/6/2019 9:21:55 AM	0.00	0.97	0.00	0.00	0.00	0.00	0.00	0.00	0.97	85.87	0.11	13.91	0	974	0	0	0	0	0	0	974	149.69	0.73	-0.42	5.62	0.61	7.17	-0.55	1.01	32.03	10.21
5/6/2019 9:21:57 AM	0.00	1.33	0.00	0.00	0.00	0.00	0.00	0.01	1.33	85.25	0.11	13.91	0	1329	0	0	0	0	0	0	1329	148.61	0.05	2.34	7.38	1.32	8.14	0.06	1.01	32.03	10.23
5/6/2019 9:22:00 AM	0.00	1.15	0.00	0.00	0.00	0.00	0.00	0.00	1.15	85.81	0.11	13.91	0	1146	0	0	0	0	0	0	1146	149.58	2.44	0.15	6.63	0.17	7.43	-1.35	1.01	32.02	10.23
5/6/2019 9:22:02 AM	0.00	0.99	0.00	0.00	0.00	0.00	0.00	0.02	0.99	85.96	0.11	13.91	0	991	0	0	0	0	0	0	991	149.83	0.86	2.48	5.96	1.82	6.32	-1.02	1.01	32.02	10.21
5/6/2019 9:22:04 AM	0.10	1.36	0.00	0.00	0.00	0.00	0.00	0.01	1.47	85.58	0.10	13.92	55	1362	0	0	0	0	0	0	1417	149.17	1.52	0.70	7.58	1.16	8.50	0.42	1.01	32.02	10.21
5/6/2019 9:22:07 AM	0.00	1.28	0.01	0.00	0.00	0.00	0.00	0.00	1.30	85.79	0.12	13.93	0	1283	6	0	0	0	0	0	1290	149.53	2.48	-0.21	7.35	-0.32	8.05	0.06	1.01	32.02	10.25
5/6/2019 9:22:09 AM	0.00	1.26	0.00	0.00	0.00	0.00	0.00	0.00	1.26	85.30	0.11	13.92	0	1259	0	0	0	0	0	0	1259	148.69	-0.39	-0.15	8.97	0.25	6.66	-1.54	1.01	32.01	10.22
5/6/2019 9:22:12 AM	0.22	1.15	0.00	0.00	0.00	0.00	0.00	0.02	1.37	85.63	0.10	13.93	115	1153	0	0	0	0	0	0	1268	149.26	-0.19	0.06	7.48	1.72	7.30	0.94	1.01	32.00	10.21
5/6/2019 9:22:14 AM	0.00	1.56	0.00	0.00	0.00	0.00	0.00	0.00	1.56	85.49	0.11	13.92	0	1560	0	0	0	0	0	0	1560	149.03	0.47	-0.41	8.47	-0.97	9.98	-0.03	1.01	32.01	10.21
5/6/2019 9:22:16 AM	0.00	1.26	0.00	0.00	0.00	0.00	0.00	0.00	1.26	85.53	0.11	13.91	0	1260	0	0	0	0	0	0	1260	149.09	1.05	1.13	7.50	0.34	7.55	-0.07	1.01	32.00	10.19
5/6/2019 9:22:19 AM	0.00	1.24	0.24	0.00	0.00	0.00	0.00	0.00	1.48	84.75	0.11	13.91	0	1240	110	0	0	0	0	0	1350	147.72	2.13	0.57	7.88	0.74	7.50	1.25	1.01	32.00	10.21
5/6/2019 9:22:21 AM	0.00	1.26	0.00	0.00	0.00	0.00	0.00	0.04	1.26	85.56	0.11	13.90	0	1255	0	0	0	0	0	0	1255	149.14	1.01	0.94	7.72	1.93	7.22	-0.44	1.01	31.98	10.20
5/6/2019 9:22:23 AM	0.00	1.19	0.00	0.00	0.00	0.00	0.00	0.00	1.19	85.49	0.11	13.89	0	1187	0	0	0	0	0	0	1187	149.01	1.89	0.48	6.47	0.12	7.94	-0.13	1.01	31.98	10.18
5/6/2019 9:22:26 AM	0.00	1.43	0.00	0.00	0.00	0.00	0.00	0.00	1.43	84.40	0.11	13.90	0	1428	0	0	0	0	0	0	1428	147.12	0.57	-0.02	7.60	1.88	9.12	-1.01	1.01	31.98	10.19
5/6/2019 9:22:28 AM	0.00	1.02	0.00	0.00	0.00	0.00	0.00	0.00	1.02	85.73	0.11	13.89	0	1022	0	0	0	0	0	0	1022	149.43	-0.13	-1.17	5.82	1.54	7.63	-1.71	1.01	31.98	10.20
5/6/2019 9:22:31 AM	0.00	1.31	0.00	0.00	0.00	0.00	0.00	0.00	1.31	85.22	0.11	13.88	0	1311	0	0	0	0	0	0	1311	148.54	-0.02	-0.60	8.33	0.58	7.70	-0.76	1.01	32.00	10.21
5/6/2019 9:22:33 AM	0.00	1.18	0.00	0.00	0.00	0.00	0.00	0.06	1.18	84.90	0.12	13.89	0	1177	0	0	0	0	0	0	1177	147.99	0.75	0.11	6.94	2.27	7.54	-0.34	1.01	31.98	10.19
5/6/2019 9:22:35 AM	0.00	1.33	0.00	0.00	0.00	0.00	0.00	0.00	1.33	85.22	0.12	13.90	0	1333	0	0	0	0	0	0	1333	148.54	-0.01	1.23	7.73	1.88	7.96	-0.76	1.01	31.97	10.19
5/6/2019 9:23:30 AM	0.01	1.22	0.00	0.00	0.00	0.00	0.00	0.00	1.23	84.82	0.09	13.92	4	1222	0	0	0	0	0	0	1226	147.85	-0.07	0.08	7.47	-0.50	7.74	0.76	1.01	31.33	10.10
5/6/2019 9:23:32 AM	0.00	1.45	0.00	0.00	0.00	0.00	0.00	0.00	1.45	85.21	0.10	13.92	0	1447	0	0	0	0	0	0	1447	148.53	0.71	-1.94	9.58	-0.25	7.88	-0.15	1.01	31.34	10.10
5/6/2019 9:23:35 AM	0.00	1.09	0.00	0.00	0.00	0.00	0.00	0.00	1.09	86.34	0.10	13.91	0	1090	0	0	0	0	0	0	1090	150.50	1.20	-0.96	6.72	0.92	7.10	-1.06	1.01	31.35	10.07
5/6/2019 9:23:37 AM	0.00	1.18	0.00	0.00	0.00	0.00	0.00	0.06	1.18	85.21	0.10	13.93	0	1185	0	0	0	0	0	0	1185	148.53	0.92	-0.91	7.12	2.19	7.58	-0.29	1.01	31.37	10.08
5/6/2019 9:23:39 AM	0.00	1.49	0.00	0.00	0.00	0.00	0.00	0.00	1.49	85.81	0.10	13.93	0	1490	0	0	0	0	0	0	1490	149.57	0.61	-2.05	8.73	0.32	9.20	-1.28	1.01	31.38	10.08
5/6/2019 9:23:42 AM	0.00	1.12	0.00	0.00	0.00	0.00	0.00	0.00	1.12	86.29	0.11	13.96	0	1125	0	0	0	0	0	0	1125	150.41	-1.01	-1.48	7.13	1.70	7.42	-1.44	1.01	31.38	10.10
5/6/2019 9:23:44 AM	0.11	1.34	0.00	0.00	0.00	0.00	0.00	0.00	1.45	86.06	0.10	13.97	56	1342	0	0	0	0	0	0	1399	150.01	1.17	-0.55	8.48	0.34	7.79	0.73	1.01	31.39	10.08
5/6/2019 9:23:46 AM	0.00	1.36	0.00	0.00	0.00	0.00	0.00	0.00	1.36	85.23	0.10	13.96	0	1358	0	0	0	0	0	0	1358	148.57	-1.24	1.74	7.66	0.73	8.77	-2.69	1.01	31.39	10.07
5/6/2019 9:23:49 AM	0.00	1.42	0.00	0.00	0.00	0.00	0.00	0.00	1.42	85.25	0.11	13.97	0	1418	0	0	0	0	0	0	1418	148.60	0.81	-2.00	7.24	0.38	9.89	0.23	1.01	31.39	10.10
5/6/2019 9:23:51 AM	0.00	1.24	0.00	0.00	0.00	0.00	0.00	0.00	1.24	85.31	0.11	13.92	0	1244	0	0	0	0	0	0	1244	148.71	-0.92	-1.54	8.16	-0.70	7.84	-0.99	1.01	31.40	10.08
5/6/2019 9:23:54 AM	0.00	1.29	0.00	0.00	0.00	0.00	0.00	0.00	1.29	85.50	0.10	13.88	0	1288	0	0	0	0	0	0	1288	149.03	0.00	-0.09	6.97	0.53	8.83	-0.96	1.01	31.40	10.10
5/6/2019 9:23:56 AM	0.00	1.36	0.00	0.00	0.00	0.00	0.00	0.00	1.36	85.90	0.10	13.90	0	1361	0	0	0	0	0	0	1361	149.73	0.04	-0.81	8.19	1.94	8.11	-0.88	1.01	31.43	10.08
5/6/2019 9:23:58 AM	0.12	1.33	0.00	0.00	0.00	0.00	0.00	0.00	1.45	86.19	0.10	13.90	66	1327	0	0	0	0	0	0	1393	150.23	0.46	0.49	9.18	1.36	6.74	0.47	1.01	31.41	10.08
5/6/2019 9:24:01 AM	0.00	1.29	0.00	0.00	0.00	0.00	0.00	0.00	1.29	84.93	0.10	13.91	0	1287	0	0	0	0	0	0	1287	148.05	1.60	-0.17	7.88	0.21	7.64	-0.98	1.01	31.43	10.06
5/6/2019 9:24:03 AM	0.00	1.42	0.00	0.00	0.00	0.00	0.00	0.00	1.42	85.94	0.10	13.92	0	1419	0	0	0	0	0	0	1419	149.79	1.38	0.06	6.99	-0.08	9.78	-0.12	1.01	31.43	10.06
5/6/2019 9:24:05 AM	0.00	1.21	0.00	0.00	0.00	0.00	0.00	0.00	1.21	85.45	0.10	13.92	0	1207	0	0	0	0	0	0	1207	148.95	0.38	-1.19	7.41	1.69	7.57	-1.41	1.01	31.44	10.08
5/6/2019 9:24:08 AM	0.00	1.29	0.00	0.00	0.00	0.00	0.00	0.00	1.29	85.30	0.10	13.91	0	1287	0	0	0	0	0	0	1287	148.68	1.51	0.11	7.85	0.99	7.51	-1.02	1.01	31.44	10.07
5/6/2019 9:24:10 AM	0.08	1.40	0.00	0.00	0.00	0.00	0.00	0.00	1.48	86.24	0.10	13.92	42	1397	0	0	0	0	0	0	1439	150.33	1.21	-0.95	8.20	0.06	8.64	0.77	1.01	31.45	10.06
5/6/2019 9:24:13 AM	0.00	1.38	0.00	0.00	0.00	0.00	0.00	0.00	1.38	85.42	0.11	13.93	0	1379	0	0	0	0	0	0	1379	148.89	-0.17	-0.02	7.87	0.62	8.68	-0.07	1.01	31.45	10.06
5/6/2019 9:24:15 AM	0.00	1.49	0.00	0.00	0.00	0.00	0.00	0.00	1.49	86.35	0.10	13.95	0	1485	0	0	0	0	0	0	1485	150.51	-1.37	-0.37	8.68	1.15	9.01	0.38	1.01	31.45	10.06
5/6/2019 9:24:17 AM	0.00	1.37	0.00	0.00	0.00	0.00	0.00	0.03	1.37	85.25	0.10	13.94	0	1370	0	0	0	0	0	0	1370	148.60	0.04	-0.36	7.88	2.10	8.49	-0.28	1.01	31.46	10.06
5/6/2019 9:24:20 AM	0.00	1.39	0.00	0.00	0.00	0.00	0.00	0.00	1.39	84.77	0.10	13.93	2	1387	0	0	0	0	0	0	1388	147.77	0.11	-0.44	8.24	-0.13	8.47	0.70	1.01	31.47	10.07
