Date/Time	Green Algae	Bluegreen	Diatoms	Cryptophyta	#5	#6	#7	Yellow substances	Total conc.	Transmission	Depth	Temp. Sample	Green Algae	Bluegreen	Diatoms	Cryptophyta	#5	#6	#7	Yellow substances	Total cell count	Trans. 700 nm	LED 3 [525 nm]	LED 4 [570 nm]	LED 5 [610 nm]	LED 6 [370 nm]	LED 7 [590 nm]	LED 8 [470 nm]	Pressure	Temp. LEDs	Temp. Sensor
date	µg/l	µg/l	µg/l	µg/l	µg/l	µg/l	µg/l	r.u.	µg/l	%	m	°C	cells/ml	cells/ml	cells/ml	cells/ml	cells/ml	cells/ml	cells/ml	r.u.	cells/ml	digits	digits	digits	digits	digits	digits	digits	bar	°C	°C
5/23/2019 9:18:31 AM	0.00	0.16	0.62	0.27	0.00	0.00	0.00	0.19	1.04	100.00	0.28	22.09	0	155	278	8	0	0	0	0	441	175.49	3.56	-0.74	2.49	3.46	6.26	4.95	1.03	36.27	11.78
5/23/2019 9:18:33 AM	1.20	0.46	0.03	0.00	0.00	0.00	0.00	0.17	1.68	100.00	0.36	22.16	634	455	14	0	0	0	0	0	1104	177.90	2.04	0.88	5.03	3.77	5.07	5.08	1.04	36.39	11.79
5/23/2019 9:18:35 AM	0.00	0.20	0.00	0.48	0.00	0.00	0.00	0.39	0.68	100.00	0.45	22.13	0	201	0	14	0	0	0	0	215	176.07	2.97	1.95	3.29	5.02	5.68	4.72	1.04	36.44	11.82
5/23/2019 9:18:38 AM	1.14	0.04	0.00	0.46	0.00	0.00	0.00	0.07	1.65	100.00	0.47	22.12	605	43	0	14	0	0	0	0	662	176.02	2.64	1.79	3.64	3.13	5.43	5.88	1.05	36.49	11.84
5/23/2019 9:18:40 AM	0.00	0.30	0.68	0.00	0.00	0.00	0.00	0.57	0.98	100.00	0.50	22.10	0	299	308	0	0	0	0	0	606	177.37	5.04	1.38	4.35	7.42	3.86	6.52	1.05	36.59	11.80
5/23/2019 9:18:43 AM	1.27	0.30	0.10	0.14	0.00	0.00	0.00	0.22	1.80	100.00	0.50	22.06	671	301	43	4	0	0	0	0	1020	176.72	2.61	1.06	4.12	4.65	5.84	6.59	1.05	36.64	11.85
5/23/2019 9:18:45 AM	0.12	0.33	0.54	0.00	0.00	0.00	0.00	0.43	0.99	100.00	0.59	22.07	63	330	245	0	0	0	0	0	638	175.65	3.49	-1.22	4.88	5.73	4.00	5.94	1.06	36.69	11.87
5/23/2019 9:18:47 AM	1.51	0.43	0.64	0.00	0.00	0.00	0.00	0.00	2.58	100.00	0.64	22.15	800	431	286	0	0	0	0	0	1518	177.73	3.10	0.66	5.21	2.74	6.51	7.68	1.06	36.78	11.84
5/23/2019 9:18:50 AM	1.41	0.28	0.33	0.00	0.00	0.00	0.00	0.10	2.02	100.00	0.71	22.14	749	278	148	0	0	0	0	0	1175	176.85	2.48	1.87	4.85	3.78	4.44	6.49	1.07	36.86	11.84
5/23/2019 9:18:52 AM	0.37	0.00	0.00	0.32	0.00	0.00	0.00	0.48	0.69	100.00	0.78	22.13	196	0	0	10	0	0	0	0	206	176.94	2.85	2.40	1.42	5.73	4.41	6.47	1.08	36.95	11.83
5/23/2019 9:18:54 AM	2.18	0.32	0.00	0.00	0.00	0.00	0.00	0.39	2.50	100.00	0.85	22.13	1158	320	0	0	0	0	0	0	1477	178.06	2.58	1.08	4.62	7.39	6.23	9.90	1.08	36.99	11.85
5/23/2019 9:18:57 AM	0.31	0.08	0.00	0.32	0.00	0.00	0.00	0.59	0.72	100.00	0.89	22.11	165	81	0	10	0	0	0	0	256	177.88	2.58	2.39	2.77	7.11	4.89	6.78	1.09	37.08	11.87
5/23/2019 9:18:59 AM	1.86	0.68	0.00	0.00	0.00	0.00	0.00	0.42	2.54	100.00	0.93	22.10	986	679	0	0	0	0	0	0	1666	178.00	2.30	1.14	6.59	7.61	6.96	9.24	1.09	37.13	11.87
5/23/2019 9:19:02 AM	0.40	0.19	0.00	0.25	0.00	0.00	0.00	0.38	0.83	100.00	0.96	22.11	210	186	0	7	0	0	0	0	404	178.13	2.34	0.95	2.88	4.94	5.31	5.04	1.09	37.21	11.89
5/23/2019 9:19:04 AM	1.42	0.04	0.00	0.32	0.00	0.00	0.00	0.24	1.78	100.00	0.99	22.12	753	41	0	10	0	0	0	0	804	177.77	2.45	2.40	3.53	5.10	5.19	7.54	1.10	37.27	11.89
5/23/2019 9:19:06 AM	0.22	0.00	0.00	0.81	0.00	0.00	0.00	0.36	1.03	100.00	1.03	22.11	119	0	0	24	0	0	0	0	143	177.13	3.69	1.75	2.51	5.31	6.91	6.94	1.10	37.33	11.89
5/23/2019 9:19:09 AM	1.32	0.22	0.17	0.00	0.00	0.00	0.00	0.25	1.70	100.00	1.05	22.10	698	215	76	0	0	0	0	0	990	177.23	2.49	-0.45	3.46	4.75	5.37	6.60	1.10	37.40	11.91
5/23/2019 9:19:11 AM	0.05	0.34	0.00	0.50	0.00	0.00	0.00	0.43	0.89	100.00	1.09	22.09	27	335	0	15	0	0	0	0	378	177.21	2.47	2.24	3.41	5.68	7.15	5.58	1.11	37.46	11.89
5/23/2019 9:19:13 AM	1.12	0.18	0.00	0.24	0.00	0.00	0.00	0.46	1.54	100.00	1.10	22.05	592	180	0	7	0	0	0	0	778	177.28	2.72	1.41	3.34	6.89	6.06	8.05	1.11	37.53	11.91
5/23/2019 9:19:16 AM	0.40	0.09	0.11	0.51	0.00	0.00	0.00	0.42	1.11	100.00	1.13	22.08	210	91	50	15	0	0	0	0	366	177.66	3.59	1.99	3.68	5.91	5.45	6.96	1.11	37.60	11.92
5/23/2019 9:19:18 AM	0.63	0.36	0.00	0.25	0.00	0.00	0.00	0.41	1.25	100.00	1.18	22.10	335	362	0	8	0	0	0	0	705	177.52	2.65	1.42	3.94	5.74	6.23	6.13	1.12	37.63	11.92
5/23/2019 9:19:21 AM	1.11	0.25	0.00	0.30	0.00	0.00	0.00	0.30	1.65	100.00	1.22	22.06	586	251	0	9	0	0	0	0	846	178.16	2.45	2.31	4.03	5.31	5.97	6.92	1.12	37.70	11.94
5/23/2019 9:19:23 AM	1.49	0.00	0.07	0.08	0.00	0.00	0.00	0.21	1.64	100.00	1.26	22.04	790	0	33	2	0	0	0	0	826	175.40	2.23	0.40	2.64	4.44	4.68	6.72	1.12	37.76	11.97
5/23/2019 9:19:25 AM	1.44	0.00	0.00	0.39	0.00	0.00	0.00	0.15	1.83	100.00	1.28	22.05	763	0	0	12	0	0	0	0	775	178.88	2.63	1.03	2.82	4.14	5.99	7.18	1.13	37.81	11.95
5/23/2019 9:19:28 AM	1.67	0.11	0.42	0.00	0.00	0.00	0.00	0.21	2.19	100.00	1.31	22.06	884	106	189	0	0	0	0	0	1179	176.46	3.03	1.19	4.27	5.24	4.38	8.50	1.13	37.88	11.95
5/23/2019 9:19:30 AM	1.52	0.00	0.87	0.00	0.00	0.00	0.00	0.13	2.39	100.00	1.34	22.06	804	0	391	0	0	0	0	0	1195	176.36	3.72	0.22	3.29	4.79	4.88	9.44	1.13	37.94	11.97
5/23/2019 9:19:33 AM	0.28	0.00	0.68	0.34	0.00	0.00	0.00	0.26	1.30	100.00	1.37	22.06	147	0	306	10	0	0	0	0	463	176.16	3.87	1.06	2.40	4.71	5.59	7.21	1.13	37.99	11.97
5/23/2019 9:19:35 AM	1.34	0.00	0.00	0.58	0.00	0.00	0.00	0.33	1.92	100.00	1.39	22.02	711	0	0	17	0	0	0	0	728	176.67	4.01	1.07	2.94	6.05	6.75	9.29	1.14	38.05	11.97
5/23/2019 9:19:37 AM	0.00	0.00	0.78	0.17	0.00	0.00	0.00	0.41	0.95	100.00	1.43	22.02	0	0	351	5	0	0	0	0	356	176.98	4.19	0.15	2.19	5.84	4.95	6.96	1.14	38.12	11.99
5/23/2019 9:19:40 AM	1.00	0.00	0.64	0.55	0.00	0.00	0.00	0.00	2.20	100.00	1.49	22.03	531	0	290	17	0	0	0	0	837	177.81	4.01	1.64	2.83	2.72	7.02	8.56	1.15	38.18	12.00
5/23/2019 9:19:42 AM	2.20	0.00	0.00	0.47	0.00	0.00	0.00	0.03	2.67	100.00	1.55	22.01	1166	0	0	14	0	0	0	0	1180	176.39	3.17	2.00	4.07	4.08	6.15	8.99	1.15	38.22	12.00
5/23/2019 9:19:44 AM	1.97	0.05	0.60	0.00	0.00	0.00	0.00	0.03	2.62	100.00	1.59	21.99	1046	49	270	0	0	0	0	0	1366	176.49	3.20	-0.24	3.52	4.12	5.62	8.85	1.16	38.28	12.01
5/23/2019 9:19:47 AM	0.00	0.19	1.65	0.00	0.00	0.00	0.00	0.05	1.84	100.00	1.62	21.97	0	193	743	0	0	0	0	0	937	175.67	4.77	-0.40	3.44	3.41	5.93	7.33	1.16	38.32	12.02
5/23/2019 9:19:49 AM	1.38	0.36	0.07	0.00	0.00	0.00	0.00	0.28	1.81	100.00	1.66	21.97	733	360	32	0	0	0	0	0	1124	177.76	2.43	0.86	4.64	5.12	5.16	6.68	1.16	38.37	12.01
5/23/2019 9:19:52 AM	0.00	0.00	0.70	0.32	0.00	0.00	0.00	0.41	1.02	100.00	1.72	21.94	0	0	313	10	0	0	0	0	323	176.55	5.06	0.82	2.81	6.02	4.88	6.80	1.17	38.45	12.04
5/23/2019 9:19:54 AM	0.63	0.14	0.61	0.42	0.00	0.00	0.00	0.28	1.80	100.00	1.79	21.93	335	143	274	13	0	0	0	0	764	178.07	4.39	1.32	4.03	5.61	6.43	8.47	1.18	38.48	12.04
5/23/2019 9:19:56 AM	1.34	0.00	0.00	0.35	0.00	0.00	0.00	0.29	1.70	100.00	1.85	21.93	713	0	0	11	0	0	0	0	723	176.62	3.10	1.38	2.35	5.17	5.60	7.99	1.18	38.55	12.02
5/23/2019 9:19:59 AM	1.40	0.00	0.00	0.41	0.00	0.00	0.00	0.29	1.81	100.00	1.91	21.95	740	0	0	12	0	0	0	0	753	176.27	3.41	1.08	2.46	5.34	6.02	8.43	1.19	38.58	12.04
5/23/2019 9:20:01 AM	0.16	0.14	1.71	0.00	0.00	0.00	0.00	0.11	2.01	100.00	1.95	21.97	83	136	771	0	0	0	0	0	990	176.42	5.11	0.10	4.04	4.34	5.18	8.59	1.19	38.65	12.04
5/23/2019 9:20:03 AM	0.16	0.00	0.00	0.92	0.00	0.00	0.00	0.27	1.09	100.00	2.00	21.96	87	0	0	28	0	0	0	0	115	177.46	3.63	2.58	3.16	4.57	6.82	6.45	1.20	38.69	12.08
5/23/2019 9:20:06 AM	1.63	0.00	0.00	0.29	0.00	0.00	0.00	0.26	1.92	100.00	2.10	21.92	866	0	0	9	0	0	0	0	874	178.00	2.61	0.60	2.53	5.37	6.18	8.23	1.21	38.72	12.05
5/23/2019 9:20:08 AM	1.51	0.12	0.71	0.00	0.00	0.00	0.00	0.29	2.35	100.00	2.17	21.88	800	125	321	0	0	0	0	0	1246	177.31	3.87	0.77	3.92	6.38	5.46	9.97	1.21	38.76	12.07
5/23/2019 9:20:11 AM	0.87	0.24	0.62	0.19	0.00	0.00	0.00	0.24	1.92	100.00	2.24	21.87	463	240	277	6	0	0	0	0	985	176.13	3.78	1.18	4.14	5.16	6.07	7.93	1.22	38.84	12.09
5/23/2019 9:20:13 AM	1.53	0.32	0.73	0.00	0.00	0.00	0.00	0.28	2.58	100.00	2.30	21.83	809	319	329	0	0	0	0	0	1457	178.10	4.15	-0.05	4.80	6.45	6.50	10.06	1.23	38.88	12.12
5/23/2019 9:20:15 AM	1.02	0.04	0.67	0.19	0.00	0.00	0.00	0.28	1.92	100.00	2.36	21.83	543	38	303	6	0	0	0	0	889	176.81	3.98	0.83	3.35	5.80	5.57	8.97	1.23	38.92	12.10
5/23/2019 9:20:18 AM	1.31	0.00	0.68	0.44	0.00	0.00	0.00	0.20	2.42	100.00	2.42	21.82	694	0	305	13	0	0	0	0	1012	177.54	4.57	2.04	3.75	5.73	6.37	10.45	1.24	38.96	12.12
5/23/2019 9:20:20 AM	1.91	0.15	0.63	0.00	0.00	0.00	0.00	0.17	2.69	100.00	2.49	21.82	1012	153	282	0	0	0	0	0	1446	176.76	3.62	0.83	4.42	5.60	5.55	9.92	1.24	39.02	12.11
5/23/2019 9:20:23 AM	1.27	0.13	1.12	0.00	0.00	0.00	0.00	0.18	2.52	100.00	2.57	21.85	675	129	504	0	0	0	0	0	1308	177.52	4.43	0.35	3.80	5.54	6.06	10.07	1.25	39.06	12.11
5/23/2019 9:20:25 AM	0.45	0.20	1.62	0.01	0.00	0.00	0.00	0.23	2.28	100.00	2.63	21.85	239	197	730	0	0	0	0	0	1167	176.63	5.31	1.40	4.24	5.85	5.84	10.13	1.26	39.09	12.12
5/23/2019 9:20:27 AM	1.32	0.05	1.10	0.00	0.00	0.00	0.00	0.23	2.47	100.00	2.68	21.83	698	52	494	0	0	0	0	0	1245	176.83	4.46	0.76	3.76	6.08	5.42	10.53	1.26	39.15	12.13
5/23/2019 9:20:30 AM	0.63	0.21	1.40	0.11	0.00	0.00	0.00	0.20	2.35	100.00	2.74	21.82	332	205	630	3	0	0	0	0	1171	174.99	5.15	1.30	4.36	5.62	6.27	9.95	1.27	39.19	12.14
5/23/2019 9:20:32 AM	0.91	0.01	0.55	0.61	0.00	0.00	0.00	0.40	2.07	100.00	2.80	21.81	482	6	246	18	0	0	0	0	752	176.48	5.21	1.30	4.00	7.31	6.99	10.82	1.27	39.23	12.15
5/23/2019 9:20:34 AM	0.96	0.00	0.74	0.30	0.00	0.00	0.00	0.31	1.99	100.00	2.87	21.82	507	0	333	9	0	0	0	0	849	175.42	4.43	0.60	2.75	6.18	6.38	9.83	1.28	39.28	12.16
5/23/2019 9:20:37 AM	1.07	0.00	0.73	0.37	0.00	0.00	0.00	0.30	2.17	100.00	2.93	21.82	566	0	329	11	0	0	0	0	906	176.75	4.62	1.74	3.48	6.34	6.11	10.36	1.29	39.32	12.16
5/23/2019 9:20:39 AM	2.29	0.00	0.27	0.49	0.00	0.00	0.00	0.22	3.06	100.00	3.00	21.81	1215	0	123	15	0	0	0	0	1353	176.25	4.50	1.61	4.61	6.76	7.02	12.11	1.29	39.35	12.16
5/23/2019 9:20:42 AM	1.32	0.00	1.40	0.52	0.00	0.00	0.00	0.29	3.24	100.00	3.08	21.81	700	0	628	16	0	0	0	0	1344	175.84	6.87	2.17	4.92	8.10	7.58	14.69	1.30	39.40	12.18
5/23/2019 9:20:44 AM	1.72	0.16	1.43	0.09	0.00	0.00	0.00	0.28	3.41	100.00	3.15	21.80	914	165	644	3	0	0	0	0	1725	176.58	6.02	0.91	4.91	7.97	7.34	14.14	1.31	39.44	12.19
5/23/2019 9:20:46 AM	1.09	0.18	1.08	0.26	0.00	0.00	0.00	0.35	2.60	100.00	3.20	21.81	578	176	485	8	0	0	0	0	1246	176.33	5.50	1.05	4.54	7.50	7.09	11.85	1.31	39.48	12.18
5/23/2019 9:20:49 AM	1.92	0.11	0.56	0.18	0.00	0.00	0.00	0.40	2.77	100.00	3.28	21.80	1015	115	251	6	0	0	0	0	1386	175.80	4.57	1.17	4.43	8.10	6.49	12.25	1.32	39.53	12.19
5/23/2019 9:20:51 AM	1.98	0.05	0.35	0.37	0.00	0.00	0.00	0.32	2.75	100.00	3.35	21.79	1047	52	157	11	0	0	0	0	1268	176.70	4.45	1.18	4.35	7.32	6.79	11.71	1.33	39.56	12.20
5/23/2019 9:20:53 AM	2.07	0.00	0.00	0.49	0.00	0.00	0.00	0.38	2.57	100.00	3.45	21.45	1099	0	0	15	0	0	0	0	1114	176.57	4.19	1.86	4.04	7.56	6.49	11.57	1.34	39.60	12.21
5/23/2019 9:20:56 AM	2.06	0.06	0.00	0.43	0.00	0.00	0.00	0.39	2.55	100.00	3.54	20.95	1092	56	0	13	0	0	0	0	1161	176.67	3.90	1.62	4.32	7.69	6.66	11.28	1.35	39.65	12.21
5/23/2019 9:20:58 AM	2.17	0.10	0.44	0.21	0.00	0.00	0.00	0.35	2.92	100.00	3.64	20.95	1152	97	200	6	0	0	0	0	1455	176.42	4.36	1.43	4.59	7.80	6.41	12.28	1.36	39.68	12.20
5/23/2019 9:21:01 AM	2.79	0.09	0.37	0.17	0.00	0.00	0.00	0.34	3.41	100.00	3.71	21.05	1476	86	165	5	0	0	0	0	1733	176.79	4.39	1.41	4.88	8.36	6.65	13.65	1.36	39.70	12.21
5/23/2019 9:21:03 AM	2.62	0.00	0.11	0.55	0.00	0.00	0.00	0.43	3.28	100.00	3.81	20.93	1387	0	51	16	0	0	0	0	1455	176.24	5.04	1.52	4.84	9.21	7.59	14.38	1.37	39.76	12.22
5/23/2019 9:21:05 AM	2.69	0.24	0.59	0.20	0.00	0.00	0.00	0.42	3.73	100.00	3.87	20.71	1428	241	267	6	0	0	0	0	1942	176.77	5.32	1.58	5.78	9.64	7.71	15.21	1.38	39.77	12.25
5/23/2019 9:21:08 AM	3.21	0.24	0.54	0.12	0.00	0.00	0.00	0.47	4.11	100.00	3.94	20.31	1703	241	242	4	0	0	0	0	2189	176.26	5.37	1.36	5.92	10.62	7.90	16.65	1.39	39.81	12.25
5/23/2019 9:21:10 AM	3.22	0.25	0.63	0.19	0.00	0.00	0.00	0.53	4.29	100.00	4.01	20.07	1705	253	285	6	0	0	0	0	2249	175.86	5.97	1.99	6.45	11.59	8.10	17.91	1.39	39.84	12.23
5/23/2019 9:21:13 AM	4.05	0.24	0.72	0.01	0.00	0.00	0.00	0.38	5.02	100.00	4.09	19.90	2144	237	325	0	0	0	0	0	2707	176.15	5.76	1.38	6.51	11.06	8.33	18.99	1.40	39.87	12.25
5/23/2019 9:21:15 AM	3.45	0.35	0.83	0.00	0.00	0.00	0.00	0.52	4.63	100.00	4.13	19.97	1826	349	374	0	0	0	0	0	2549	175.74	6.08	1.54	6.72	11.90	8.37	18.66	1.40	39.90	12.27
5/23/2019 9:21:17 AM	4.40	0.07	0.34	0.41	0.00	0.00	0.00	0.44	5.22	100.00	4.16	20.17	2333	70	151	12	0	0	0	0	2566	176.27	6.26	2.41	6.91	12.03	8.70	20.57	1.41	39.94	12.27
5/23/2019 9:21:20 AM	4.41	0.23	0.99	0.07	0.00	0.00	0.00	0.50	5.69	100.00	4.22	19.89	2335	226	444	2	0	0	0	0	3007	176.54	7.06	2.30	7.47	13.35	8.82	22.53	1.41	39.94	12.28
5/23/2019 9:21:22 AM	4.67	0.15	0.68	0.19	0.00	0.00	0.00	0.49	5.69	100.00	4.29	19.38	2473	147	306	6	0	0	0	0	2932	176.13	6.78	1.84	7.12	13.20	9.10	22.40	1.42	39.99	12.29
5/23/2019 9:21:24 AM	4.44	0.24	0.64	0.18	0.00	0.00	0.00	0.66	5.50	100.00	4.38	18.14	2351	242	287	5	0	0	0	0	2886	176.17	7.04	1.94	7.38	14.63	9.33	22.86	1.43	40.01	12.27
5/23/2019 9:21:27 AM	4.90	0.32	0.97	0.00	0.00	0.00	0.00	0.54	6.20	100.00	4.42	16.91	2597	322	439	0	0	0	0	0	3358	176.16	7.32	1.99	8.21	14.40	9.37	24.10	1.43	40.03	12.31
5/23/2019 9:21:29 AM	5.43	0.19	0.28	0.38	0.00	0.00	0.00	0.56	6.28	100.00	4.49	16.96	2880	192	124	11	0	0	0	0	3208	175.86	7.09	1.89	7.94	14.73	10.41	24.53	1.44	40.06	12.29
5/23/2019 9:21:32 AM	5.37	0.24	0.81	0.04	0.00	0.00	0.00	0.54	6.47	100.00	4.62	16.65	2845	242	367	1	0	0	0	0	3455	175.54	7.24	2.00	7.98	14.75	9.61	25.02	1.45	40.05	12.30
5/23/2019 9:21:34 AM	5.28	0.21	0.60	0.21	0.00	0.00	0.00	0.55	6.31	100.00	4.68	16.31	2799	215	271	6	0	0	0	0	3292	176.02	7.24	2.24	8.03	14.69	9.81	24.67	1.46	40.06	12.31
5/23/2019 9:21:36 AM	4.71	0.37	0.97	0.00	0.00	0.00	0.00	0.57	6.05	100.00	4.76	16.30	2498	366	436	0	0	0	0	0	3300	175.91	7.29	2.15	8.11	14.44	9.56	23.73	1.47	40.07	12.29
5/23/2019 9:21:39 AM	4.09	0.36	0.79	0.02	0.00	0.00	0.00	0.64	5.27	100.00	4.86	16.12	2169	360	357	1	0	0	0	0	2886	176.25	6.74	1.96	7.44	14.03	8.97	21.62	1.48	40.10	12.31
5/23/2019 9:21:41 AM	4.02	0.27	0.58	0.23	0.00	0.00	0.00	0.64	5.09	100.00	4.95	15.85	2130	275	259	7	0	0	0	0	2670	176.29	6.75	1.92	7.20	13.82	9.20	21.28	1.48	40.09	12.32
5/23/2019 9:21:44 AM	4.26	0.20	0.28	0.42	0.00	0.00	0.00	0.66	5.17	100.00	5.02	15.68	2259	205	128	13	0	0	0	0	2604	176.07	6.82	2.07	7.27	14.20	9.58	21.81	1.49	40.12	12.33
5/23/2019 9:21:46 AM	3.56	0.26	0.62	0.31	0.00	0.00	0.00	0.68	4.75	100.00	5.13	15.59	1885	263	278	9	0	0	0	0	2436	175.48	6.92	1.98	7.01	13.73	9.16	20.62	1.50	40.11	12.32
5/23/2019 9:21:48 AM	3.32	0.32	0.39	0.24	0.00	0.00	0.00	0.69	4.27	100.00	5.19	15.58	1758	319	177	7	0	0	0	0	2261	176.23	6.12	1.91	6.72	13.11	8.64	18.73	1.51	40.11	12.33
5/23/2019 9:21:51 AM	2.83	0.39	1.01	0.00	0.00	0.00	0.00	0.68	4.23	100.00	5.29	15.65	1502	390	453	0	0	0	0	0	2344	176.16	6.62	1.29	6.69	12.98	8.32	18.74	1.52	40.12	12.34
5/23/2019 9:21:53 AM	2.80	0.27	0.35	0.33	0.00	0.00	0.00	0.74	3.75	100.00	5.39	15.36	1482	271	157	10	0	0	0	0	1920	176.34	6.06	1.81	6.21	12.86	8.38	17.58	1.53	40.12	12.31
5/23/2019 9:21:55 AM	2.44	0.41	0.61	0.20	0.00	0.00	0.00	0.76	3.66	100.00	5.48	14.90	1296	408	273	6	0	0	0	0	1983	176.07	6.24	1.88	6.53	12.94	8.42	17.28	1.54	40.12	12.34
5/23/2019 9:21:58 AM	2.69	0.35	0.56	0.30	0.00	0.00	0.00	0.64	3.90	100.00	5.60	14.90	1426	350	250	9	0	0	0	0	2035	175.93	6.21	1.87	6.57	12.07	8.67	17.27	1.55	40.10	12.35
5/23/2019 9:22:00 AM	2.73	0.54	0.69	0.05	0.00	0.00	0.00	0.66	4.01	100.00	5.68	15.15	1449	542	312	1	0	0	0	0	2304	176.40	5.99	1.40	6.88	12.26	8.89	17.11	1.56	40.10	12.33
5/23/2019 9:22:03 AM	2.24	0.53	0.87	0.00	0.00	0.00	0.00	0.71	3.64	100.00	5.77	15.03	1185	530	392	0	0	0	0	0	2107	176.65	6.10	1.54	6.66	12.28	8.27	16.50	1.57	40.09	12.35
5/23/2019 9:22:05 AM	1.97	0.52	0.97	0.05	0.00	0.00	0.00	0.77	3.51	100.00	5.84	14.40	1045	522	434	1	0	0	0	0	2003	176.50	6.45	1.74	6.61	12.73	8.35	16.74	1.57	40.10	12.37
5/23/2019 9:22:07 AM	2.28	0.51	0.71	0.09	0.00	0.00	0.00	0.74	3.58	100.00	5.92	14.34	1211	506	318	3	0	0	0	0	2037	175.79	6.06	1.55	6.55	12.52	8.49	16.55	1.58	40.08	12.35
5/23/2019 9:22:10 AM	1.54	0.46	0.80	0.24	0.00	0.00	0.00	0.88	3.04	100.00	5.99	14.27	815	461	360	7	0	0	0	0	1644	176.19	6.66	1.61	6.20	13.26	8.52	16.33	1.59	40.07	12.35
5/23/2019 9:22:12 AM	1.63	0.62	0.90	0.00	0.00	0.00	0.00	0.87	3.15	100.00	6.04	13.77	866	619	405	0	0	0	0	0	1891	176.08	6.31	1.47	6.68	13.16	8.26	15.99	1.59	40.05	12.36
5/23/2019 9:22:14 AM	1.63	0.53	0.90	0.10	0.00	0.00	0.00	0.86	3.17	100.00	6.11	13.32	864	532	407	3	0	0	0	0	1805	175.38	6.52	1.75	6.46	13.17	8.34	16.34	1.60	40.05	12.36
5/23/2019 9:22:17 AM	1.43	0.61	1.23	0.03	0.00	0.00	0.00	0.86	3.31	100.00	6.17	13.05	757	613	556	1	0	0	0	0	1927	176.19	7.02	1.90	6.84	13.40	8.53	16.86	1.60	40.01	12.39
5/23/2019 9:22:19 AM	1.80	0.58	1.14	0.05	0.00	0.00	0.00	0.83	3.58	100.00	6.22	13.17	956	581	513	2	0	0	0	0	2051	176.32	6.99	1.79	6.91	13.46	8.75	17.48	1.61	39.99	12.38
5/23/2019 9:22:22 AM	1.80	0.66	1.29	0.07	0.00	0.00	0.00	0.83	3.83	100.00	6.31	13.31	954	662	582	2	0	0	0	0	2200	176.15	7.49	2.09	7.53	13.87	9.26	18.30	1.62	39.95	12.37
5/23/2019 9:22:24 AM	1.35	0.56	1.66	0.00	0.00	0.00	0.00	0.88	3.57	100.00	6.37	13.35	716	559	747	0	0	0	0	0	2022	175.73	7.95	1.61	6.84	14.15	8.73	18.52	1.62	39.93	12.34
5/23/2019 9:22:26 AM	1.41	0.64	1.44	0.07	0.00	0.00	0.00	0.88	3.56	100.00	6.42	13.42	750	643	647	2	0	0	0	0	2042	176.03	7.72	1.94	7.22	14.06	9.12	18.08	1.63	39.93	12.37
5/23/2019 9:22:29 AM	1.20	0.64	1.67	0.00	0.00	0.00	0.00	0.84	3.52	100.00	6.44	13.60	635	645	753	0	0	0	0	0	2033	175.62	7.85	1.82	7.15	13.64	8.86	17.81	1.63	39.87	12.35
5/23/2019 9:22:31 AM	1.63	0.51	1.40	0.13	0.00	0.00	0.00	0.84	3.67	100.00	6.47	14.04	866	513	630	4	0	0	0	0	2012	176.07	7.72	1.97	6.92	13.90	8.88	18.51	1.63	39.86	12.37
5/23/2019 9:22:34 AM	1.08	0.61	1.79	0.13	0.00	0.00	0.00	0.87	3.61	100.00	6.51	13.97	574	608	807	4	0	0	0	0	1993	175.77	8.50	1.99	7.23	14.15	9.35	18.73	1.64	39.81	12.37
5/23/2019 9:22:36 AM	0.93	0.64	1.98	0.08	0.00	0.00	0.00	0.92	3.63	100.00	6.56	13.64	492	641	893	2	0	0	0	0	2029	175.93	8.87	2.18	7.42	14.71	9.33	19.28	1.64	39.79	12.36
5/23/2019 9:22:38 AM	1.36	0.49	1.86	0.32	0.00	0.00	0.00	0.89	4.02	100.00	6.58	13.58	719	487	837	10	0	0	0	0	2053	175.31	9.37	2.27	7.45	15.09	9.89	20.86	1.64	39.75	12.35
5/23/2019 9:22:41 AM	1.22	0.62	2.33	0.11	0.00	0.00	0.00	0.88	4.27	100.00	6.60	13.61	645	616	1049	3	0	0	0	0	2312	175.53	9.85	2.33	7.92	15.38	9.95	21.56	1.65	39.72	12.35
5/23/2019 9:22:43 AM	1.01	0.61	2.43	0.19	0.00	0.00	0.00	0.90	4.23	100.00	6.67	13.26	533	613	1091	6	0	0	0	0	2243	175.17	10.25	2.56	8.07	15.62	10.14	21.84	1.65	39.67	12.34
5/23/2019 9:22:45 AM	1.12	0.60	2.58	0.08	0.00	0.00	0.00	0.88	4.38	100.00	6.76	12.90	593	601	1160	2	0	0	0	0	2357	175.01	10.28	2.16	7.87	15.54	10.09	22.16	1.66	39.65	12.37
5/23/2019 9:22:48 AM	0.91	0.65	2.53	0.08	0.00	0.00	0.00	0.90	4.17	100.00	6.79	12.90	482	647	1139	2	0	0	0	0	2270	175.53	10.15	2.16	7.87	15.48	10.07	21.52	1.67	39.61	12.35
5/23/2019 9:22:50 AM	0.96	0.70	4.44	0.00	0.00	0.00	0.00	0.90	6.10	100.00	6.90	12.94	510	700	1997	0	0	0	0	0	3207	175.02	14.54	2.91	9.94	18.69	12.04	29.73	1.68	39.55	12.35
5/23/2019 9:22:53 AM	0.47	0.80	7.25	0.00	0.00	0.00	0.00	0.97	8.51	100.00	6.96	12.64	249	798	3261	0	0	0	0	0	4308	174.51	21.27	3.92	12.73	23.64	15.29	41.15	1.68	39.51	12.35
5/23/2019 9:22:55 AM	0.90	0.96	10.38	0.00	0.00	0.00	0.00	1.10	12.24	99.64	7.00	12.49	478	959	4672	0	0	0	0	0	6109	173.67	29.56	4.84	17.02	31.03	19.95	57.41	1.69	39.48	12.33
5/23/2019 9:22:57 AM	1.25	0.89	10.75	0.00	0.00	0.00	0.00	0.97	12.89	99.65	7.06	13.00	663	888	4838	0	0	0	0	0	6389	173.68	30.30	5.24	17.95	30.83	19.54	59.12	1.69	39.42	12.33
5/23/2019 9:23:00 AM	1.30	0.97	19.41	0.00	0.00	0.00	0.00	0.81	21.68	98.87	7.16	12.72	688	974	8736	0	0	0	0	0	10397	172.33	50.77	8.29	26.65	44.17	29.78	96.19	1.70	39.39	12.34
5/23/2019 9:23:02 AM	0.48	0.85	18.57	0.00	0.00	0.00	0.00	0.81	19.90	98.59	7.25	12.01	253	851	8358	0	0	0	0	0	9463	171.83	48.16	7.45	24.20	41.46	28.08	89.82	1.71	39.33	12.33
5/23/2019 9:23:05 AM	0.88	1.13	20.86	0.00	0.00	0.00	0.00	0.82	22.87	98.09	7.32	11.47	468	1128	9388	0	0	0	0	0	10984	170.97	54.16	8.73	28.12	46.32	32.06	101.41	1.72	39.29	12.33
5/23/2019 9:23:07 AM	0.00	2.60	41.54	0.61	0.00	0.00	0.00	0.76	44.76	96.69	7.39	10.93	0	2605	18695	18	0	0	0	0	21319	168.52	111.60	18.31	55.98	83.31	61.97	189.44	1.72	39.24	12.32
5/23/2019 9:23:09 AM	0.00	4.25	57.52	0.53	0.00	0.00	0.00	0.45	62.30	95.44	7.42	10.68	0	4251	25884	16	0	0	0	0	30150	166.35	153.35	25.46	79.19	109.29	85.27	255.72	1.73	39.17	12.33
5/23/2019 9:23:12 AM	0.00	3.57	71.07	3.37	0.00	0.00	0.00	0.19	78.00	94.21	7.48	10.71	0	3568	31980	101	0	0	0	0	35649	164.20	200.13	31.11	95.89	135.67	107.99	321.96	1.73	39.12	12.32
5/23/2019 9:23:14 AM	0.00	13.54	180.92	17.87	0.00	0.00	0.00	0.00	212.33	85.88	7.55	10.71	0	13545	81412	536	0	0	0	0	95493	149.70	559.28	98.14	289.07	358.94	317.34	849.87	1.74	39.06	12.30
5/23/2019 9:23:16 AM	0.00	16.79	215.46	18.79	0.00	0.00	0.00	0.00	251.03	83.42	7.60	10.90	0	16785	96956	564	0	0	0	0	114305	145.41	651.29	113.68	343.86	405.95	371.31	1011.54	1.74	39.00	12.30
5/23/2019 9:23:19 AM	0.00	6.25	146.58	18.70	0.00	0.00	0.00	0.00	171.53	85.02	7.66	10.87	0	6245	65962	561	0	0	0	0	72768	148.19	467.27	74.09	225.09	278.43	255.23	709.22	1.75	38.96	12.31
5/23/2019 9:23:21 AM	0.00	14.00	168.98	12.70	0.00	0.00	0.00	0.00	195.68	83.92	7.72	10.78	0	14002	76040	381	0	0	0	0	90423	146.29	505.08	88.19	269.59	314.51	286.55	784.89	1.76	38.89	12.30
5/23/2019 9:23:24 AM	0.00	8.31	159.13	17.34	0.00	0.00	0.00	0.00	184.78	85.14	7.75	10.92	0	8314	71607	520	0	0	0	0	80442	148.40	493.39	80.29	243.44	300.91	272.42	759.26	1.76	38.82	12.28
5/23/2019 9:23:26 AM	0.00	8.83	151.97	16.00	0.00	0.00	0.00	0.00	176.79	85.75	7.78	11.16	0	8826	68386	480	0	0	0	0	77692	149.47	469.83	78.09	234.96	290.13	261.43	721.95	1.76	38.76	12.27
5/23/2019 9:23:28 AM	0.00	7.12	134.21	14.48	0.00	0.00	0.00	0.00	155.81	86.51	7.86	11.34	0	7120	60395	434	0	0	0	0	67949	150.79	413.70	68.01	204.54	256.91	231.02	639.59	1.77	38.70	12.28
5/23/2019 9:23:31 AM	0.00	8.59	138.13	13.87	0.00	0.00	0.00	0.00	160.59	85.12	7.93	11.28	0	8595	62157	416	0	0	0	0	71168	148.37	424.71	70.21	214.30	263.23	238.15	653.65	1.78	38.63	12.26
5/23/2019 9:23:33 AM	0.00	18.12	53.21	4.78	0.00	0.00	0.00	0.00	76.11	91.45	8.10	10.48	0	18121	23943	144	0	0	0	0	42207	159.41	173.95	38.84	149.37	105.95	153.76	256.19	1.79	38.58	12.25
5/23/2019 9:23:35 AM	0.00	23.97	36.85	2.73	0.00	0.00	0.00	0.00	63.56	92.85	8.20	9.79	0	23973	16584	82	0	0	0	0	40639	161.83	127.80	36.61	153.55	81.63	153.36	178.51	1.80	38.51	12.24
5/23/2019 9:23:38 AM	0.00	24.01	33.64	2.83	0.00	0.00	0.00	0.00	60.48	92.79	8.28	9.99	0	24012	15137	85	0	0	0	0	39233	161.74	120.33	35.36	150.54	76.90	150.55	164.62	1.81	38.45	12.24
5/23/2019 9:23:40 AM	0.00	30.43	32.94	0.00	0.00	0.00	0.00	0.00	63.38	92.86	8.34	9.59	0	30431	14825	0	0	0	0	0	45256	161.85	113.64	38.20	172.37	73.97	165.56	152.47	1.82	38.37	12.23
5/23/2019 9:23:43 AM	0.00	37.53	17.36	0.00	0.00	0.00	0.00	0.00	54.89	92.27	8.47	9.25	0	37531	7810	0	0	0	0	0	45341	160.83	78.72	37.96	189.42	52.52	178.14	87.84	1.83	38.32	12.24
5/23/2019 9:23:45 AM	0.00	38.45	13.32	0.56	0.00	0.00	0.00	0.00	52.34	91.80	8.57	9.37	0	38454	5995	17	0	0	0	0	44466	160.01	70.70	37.80	189.23	47.92	181.54	72.96	1.84	38.25	12.20
5/23/2019 9:23:47 AM	0.00	48.50	11.05	0.00	0.00	0.00	0.00	0.00	59.55	90.90	8.65	9.41	0	48501	4970	0	0	0	0	0	53472	158.45	69.93	45.04	234.91	48.95	215.43	65.48	1.85	38.17	12.20
5/23/2019 9:23:50 AM	0.00	58.40	7.50	0.00	0.00	0.00	0.00	0.00	65.91	89.47	8.67	9.40	0	58403	3377	0	0	0	0	0	61780	155.96	68.41	50.78	275.80	49.48	253.94	54.12	1.85	38.10	12.21
5/23/2019 9:23:52 AM	0.00	56.44	8.70	0.00	0.00	0.00	0.00	0.00	65.14	91.42	8.74	9.74	0	56442	3913	0	0	0	0	0	60356	159.35	69.82	50.44	274.39	50.17	240.31	58.80	1.86	38.02	12.21
5/23/2019 9:23:55 AM	0.00	58.55	7.45	0.00	0.00	0.00	0.00	0.00	65.99	90.60	8.84	9.74	0	58547	3351	0	0	0	0	0	61898	157.93	68.03	52.33	279.83	49.96	250.63	54.00	1.87	37.94	12.18
5/23/2019 9:23:57 AM	0.00	65.64	3.68	0.00	0.00	0.00	0.00	0.00	69.32	88.73	8.99	9.16	0	65640	1658	0	0	0	0	0	67298	154.66	64.12	57.27	300.75	49.93	283.80	39.47	1.88	37.86	12.18
5/23/2019 9:23:59 AM	0.00	68.63	3.78	0.00	0.00	0.00	0.00	0.00	72.42	88.37	9.07	8.92	0	68631	1703	0	0	0	0	0	70334	154.03	66.41	59.69	318.07	51.33	292.85	41.64	1.89	37.80	12.16
5/23/2019 9:24:02 AM	0.03	66.29	3.35	0.00	0.00	0.00	0.00	0.00	69.67	88.67	9.17	8.94	14	66287	1509	0	0	0	0	0	67809	154.55	62.87	57.51	310.08	49.49	279.43	39.23	1.90	37.72	12.15
5/23/2019 9:24:04 AM	1.11	51.37	2.55	0.00	0.00	0.00	0.00	0.00	55.03	90.39	9.27	8.97	590	51368	1147	0	0	0	0	0	53105	157.56	49.56	43.83	237.18	43.36	222.05	32.10	1.91	37.64	12.14
5/23/2019 9:24:06 AM	0.79	49.44	2.23	0.67	0.00	0.00	0.00	0.00	53.13	90.83	9.34	9.06	418	49443	1004	20	0	0	0	0	50885	158.31	48.91	43.43	226.22	42.98	219.14	31.59	1.92	37.56	12.14
5/23/2019 9:24:09 AM	1.32	51.08	2.33	0.00	0.00	0.00	0.00	0.00	54.73	91.03	9.42	9.20	699	51081	1048	0	0	0	0	0	52828	158.67	48.95	43.43	235.06	43.65	221.50	31.45	1.92	37.48	12.13
5/23/2019 9:24:11 AM	1.28	49.10	2.47	0.00	0.00	0.00	0.00	0.04	52.85	91.42	9.48	9.43	679	49097	1110	0	0	0	0	0	50886	159.35	47.61	41.85	224.04	43.35	215.51	31.31	1.93	37.41	12.14
5/23/2019 9:24:14 AM	0.69	40.84	2.22	0.00	0.00	0.00	0.00	0.39	43.75	92.40	9.59	9.14	365	40838	999	0	0	0	0	0	42201	161.06	40.77	35.12	186.59	39.48	179.76	28.39	1.94	37.33	12.14
5/23/2019 9:24:16 AM	0.89	41.44	2.03	0.00	0.00	0.00	0.00	0.44	44.36	91.91	9.67	8.66	474	41436	916	0	0	0	0	0	42826	160.20	41.13	35.44	189.82	40.41	181.76	28.81	1.95	37.28	12.09
5/23/2019 9:24:18 AM	0.71	37.55	1.64	0.43	0.00	0.00	0.00	0.57	40.32	91.57	9.78	8.65	376	37545	737	13	0	0	0	0	38671	159.62	38.50	32.29	171.81	38.67	167.64	28.16	1.96	37.17	12.10
5/23/2019 9:24:21 AM	0.51	37.34	1.25	0.65	0.00	0.00	0.00	0.66	39.75	91.49	9.89	8.63	268	37341	564	19	0	0	0	0	38193	159.47	38.19	32.85	171.14	38.89	166.78	27.46	1.97	37.09	12.08
5/23/2019 9:24:23 AM	0.66	37.54	0.96	0.78	0.00	0.00	0.00	0.68	39.93	92.34	9.99	8.77	349	37536	432	23	0	0	0	0	38340	160.96	38.18	33.11	172.15	39.13	167.93	27.40	1.98	37.02	12.06
5/23/2019 9:24:26 AM	0.13	37.17	1.73	0.31	0.00	0.00	0.00	0.69	39.33	93.69	10.06	8.75	68	37172	777	9	0	0	0	0	38026	163.30	37.95	32.55	169.82	38.72	164.82	26.98	1.99	36.95	12.05
5/23/2019 9:24:28 AM	0.45	37.75	1.73	0.00	0.00	0.00	0.00	0.65	39.93	93.64	10.15	8.70	236	37754	778	0	0	0	0	0	38768	163.21	37.63	32.65	172.79	38.69	165.45	26.53	1.99	36.86	12.04
5/23/2019 9:24:30 AM	0.38	37.03	1.56	0.21	0.00	0.00	0.00	0.70	39.17	93.75	10.18	8.64	199	37032	701	6	0	0	0	0	37939	163.41	37.30	31.85	168.85	38.56	164.10	26.59	2.00	36.77	12.03
5/23/2019 9:24:33 AM	1.02	38.03	1.29	0.00	0.00	0.00	0.00	0.69	40.34	93.34	10.22	8.74	539	38034	582	0	0	0	0	0	39155	162.69	37.29	32.48	174.30	39.32	166.51	26.81	2.00	36.69	12.00
5/23/2019 9:24:35 AM	0.35	36.95	1.56	0.00	0.00	0.00	0.00	0.75	38.87	93.70	10.31	8.83	185	36955	704	0	0	0	0	0	37844	163.32	36.72	31.56	168.05	38.66	162.94	26.03	2.01	36.62	12.02
5/23/2019 9:24:37 AM	0.30	35.60	0.93	0.62	0.00	0.00	0.00	0.76	37.45	93.67	10.32	8.70	161	35595	418	19	0	0	0	0	36192	163.26	36.00	31.29	162.86	37.63	158.71	25.40	2.01	36.51	12.00
5/23/2019 9:24:40 AM	0.03	35.39	1.41	0.23	0.00	0.00	0.00	0.80	37.06	93.92	10.33	8.74	15	35393	635	7	0	0	0	0	36050	163.70	35.69	31.13	161.47	37.67	156.41	25.20	2.01	36.44	12.00
5/23/2019 9:24:42 AM	0.00	35.73	1.76	0.00	0.00	0.00	0.00	0.76	37.50	93.69	10.34	8.77	0	35733	793	0	0	0	0	0	36526	163.30	36.07	30.79	162.76	37.68	157.35	25.40	2.01	36.37	11.98
