Date/Time	Green Algae	Bluegreen	Diatoms	Cryptophyta	#5	#6	#7	Yellow substances	Total conc.	Transmission	Depth	Temp. Sample	Green Algae	Bluegreen	Diatoms	Cryptophyta	#5	#6	#7	Yellow substances	Total cell count	Trans. 700 nm	LED 3 [525 nm]	LED 4 [570 nm]	LED 5 [610 nm]	LED 6 [370 nm]	LED 7 [590 nm]	LED 8 [470 nm]	Pressure	Temp. LEDs	Temp. Sensor
date	µg/l	µg/l	µg/l	µg/l	µg/l	µg/l	µg/l	r.u.	µg/l	%	m	°C	cells/ml	cells/ml	cells/ml	cells/ml	cells/ml	cells/ml	cells/ml	r.u.	cells/ml	digits	digits	digits	digits	digits	digits	digits	bar	°C	°C
4/22/2019 9:09:29 AM	6.71	0.00	0.00	0.76	0.00	0.00	0.00	0.51	7.47	100.00	0.28	14.84	3554	0	0	23	0	0	0	0	3577	174.56	8.10	2.27	8.08	15.90	12.15	28.70	1.03	33.54	10.06
4/22/2019 9:09:31 AM	7.82	0.00	0.22	0.39	0.00	0.00	0.00	0.54	8.42	100.00	0.36	14.88	4142	0	97	12	0	0	0	0	4251	174.43	8.12	3.11	9.26	17.68	11.09	31.79	1.04	33.57	10.04
4/22/2019 9:09:34 AM	8.21	0.09	0.00	0.45	0.00	0.00	0.00	0.52	8.76	100.00	0.42	14.84	4352	93	0	14	0	0	0	0	4459	175.50	7.99	2.68	9.77	17.86	12.18	32.19	1.04	33.64	10.06
4/22/2019 9:09:36 AM	8.54	0.02	0.20	0.78	0.00	0.00	0.00	0.50	9.54	99.31	0.53	14.96	4528	22	88	23	0	0	0	0	4662	173.08	9.65	3.45	10.90	18.90	13.35	35.32	1.05	33.68	10.06
4/22/2019 9:09:38 AM	7.25	0.00	1.70	0.20	0.00	0.00	0.00	0.53	9.15	100.00	0.61	14.94	3840	0	766	6	0	0	0	0	4613	176.71	10.58	3.62	8.89	18.85	11.89	35.79	1.06	33.72	10.05
4/22/2019 9:09:41 AM	6.93	0.15	1.77	0.18	0.00	0.00	0.00	0.60	9.02	99.97	0.68	14.86	3672	145	796	5	0	0	0	0	4619	174.24	11.05	1.67	9.74	19.38	12.81	35.30	1.07	33.74	10.10
4/22/2019 9:09:43 AM	7.41	0.05	1.14	0.56	0.00	0.00	0.00	0.64	9.16	100.00	0.78	14.94	3926	49	515	17	0	0	0	0	4507	175.77	10.94	3.59	10.64	20.01	12.68	36.04	1.08	33.79	10.08
4/22/2019 9:09:45 AM	8.07	0.41	1.31	0.00	0.00	0.00	0.00	0.77	9.79	100.00	0.87	14.93	4275	413	588	0	0	0	0	0	5276	174.62	11.08	-0.16	12.98	21.90	12.12	37.58	1.09	33.83	10.08
4/22/2019 9:09:48 AM	8.97	0.26	0.00	0.80	0.00	0.00	0.00	0.64	10.03	99.44	0.95	14.88	4752	260	0	24	0	0	0	0	5036	173.31	10.00	2.01	11.36	20.86	15.93	37.15	1.09	33.88	10.10
4/22/2019 9:09:50 AM	7.44	0.35	1.53	0.23	0.00	0.00	0.00	0.65	9.56	100.00	1.01	15.08	3944	352	690	7	0	0	0	0	4993	175.50	11.20	2.70	11.31	20.46	13.64	36.60	1.10	33.91	10.10
4/22/2019 9:09:53 AM	8.18	0.00	1.13	1.13	0.00	0.00	0.00	0.18	10.44	100.00	1.07	15.40	4338	0	507	34	0	0	0	0	4879	176.72	11.93	4.00	11.97	17.36	15.30	37.31	1.10	33.96	10.10
4/22/2019 9:09:55 AM	8.74	0.03	0.00	0.62	0.00	0.00	0.00	0.60	9.40	100.00	1.14	15.57	4633	32	0	19	0	0	0	0	4684	176.56	8.92	2.62	10.11	19.72	13.45	35.29	1.11	33.99	10.11
4/22/2019 9:09:57 AM	8.09	0.00	1.43	0.69	0.00	0.00	0.00	0.43	10.21	99.80	1.24	15.63	4290	0	645	21	0	0	0	0	4955	173.95	11.84	3.91	11.20	19.55	13.88	38.48	1.12	34.03	10.14
4/22/2019 9:10:00 AM	9.03	0.00	0.00	0.88	0.00	0.00	0.00	0.73	9.91	99.61	1.34	15.29	4786	0	0	26	0	0	0	0	4812	173.62	10.37	4.72	9.64	21.52	14.25	38.86	1.13	34.07	10.12
4/22/2019 9:10:02 AM	8.38	0.17	1.21	0.40	0.00	0.00	0.00	0.69	10.16	100.00	1.40	15.09	4443	165	542	12	0	0	0	0	5163	174.79	11.44	3.07	11.46	21.81	13.83	39.19	1.14	34.11	10.12
4/22/2019 9:10:05 AM	9.90	0.00	0.00	0.54	0.00	0.00	0.00	0.59	10.44	100.00	1.47	15.26	5246	0	0	16	0	0	0	0	5262	174.69	9.81	4.57	10.45	20.63	12.72	38.85	1.14	34.11	10.15
4/22/2019 9:10:07 AM	8.41	0.02	0.69	0.66	0.00	0.00	0.00	0.63	9.78	99.41	1.51	15.35	4459	16	309	20	0	0	0	0	4805	173.26	10.68	4.38	11.40	20.76	12.88	37.65	1.15	34.18	10.14
4/22/2019 9:10:09 AM	8.39	0.00	1.37	0.37	0.00	0.00	0.00	0.51	10.13	100.00	1.59	15.23	4445	0	618	11	0	0	0	0	5074	175.12	11.02	4.11	10.83	20.11	12.55	38.41	1.16	34.16	10.14
4/22/2019 9:10:12 AM	8.11	0.27	1.96	0.00	0.00	0.00	0.00	0.57	10.34	100.00	1.68	14.87	4298	266	883	0	0	0	0	0	5448	176.01	11.77	2.02	12.31	20.95	12.42	38.99	1.16	34.23	10.15
4/22/2019 9:10:14 AM	7.73	0.08	1.42	0.80	0.00	0.00	0.00	0.50	10.03	100.00	1.76	14.75	4096	85	640	24	0	0	0	0	4845	175.19	12.16	4.84	12.14	19.97	13.80	38.23	1.17	34.25	10.14
4/22/2019 9:10:16 AM	8.01	0.00	2.15	0.44	0.00	0.00	0.00	0.46	10.59	99.88	1.83	14.84	4244	0	967	13	0	0	0	0	5225	174.09	12.75	4.33	11.51	20.49	13.31	40.45	1.18	34.26	10.13
4/22/2019 9:10:19 AM	8.00	0.06	1.36	0.50	0.00	0.00	0.00	0.58	9.91	99.97	1.93	14.72	4238	56	613	15	0	0	0	0	4922	174.25	11.54	2.79	10.86	20.55	13.68	38.18	1.19	34.31	10.19
4/22/2019 9:10:21 AM	7.68	0.41	1.50	0.21	0.00	0.00	0.00	0.81	9.79	100.00	2.00	14.66	4069	406	674	6	0	0	0	0	5156	175.20	11.57	3.92	12.18	22.40	13.37	38.40	1.20	34.30	10.15
4/22/2019 9:10:24 AM	7.56	0.42	2.69	0.00	0.00	0.00	0.00	0.41	10.68	100.00	2.10	14.79	4008	420	1212	0	0	0	0	0	5641	175.14	12.76	3.00	12.45	19.83	13.97	39.18	1.21	34.31	10.16
4/22/2019 9:10:26 AM	8.71	0.15	1.81	0.24	0.00	0.00	0.00	0.60	10.91	100.00	2.20	14.81	4615	148	816	7	0	0	0	0	5587	175.24	12.27	4.13	12.25	22.17	13.38	41.50	1.22	34.38	10.19
4/22/2019 9:10:28 AM	8.03	0.17	1.86	0.47	0.00	0.00	0.00	0.48	10.53	100.00	2.28	14.76	4255	174	837	14	0	0	0	0	5280	174.85	12.42	4.13	12.24	20.43	13.94	39.55	1.22	34.34	10.17
4/22/2019 9:10:31 AM	9.28	0.00	0.00	1.10	0.00	0.00	0.00	0.71	10.38	100.00	2.35	14.71	4917	0	0	33	0	0	0	0	4951	175.23	11.49	4.94	11.43	22.14	14.66	40.30	1.23	34.38	10.16
4/22/2019 9:10:33 AM	8.39	0.00	1.33	0.53	0.00	0.00	0.00	0.62	10.25	100.00	2.47	14.66	4446	0	600	16	0	0	0	0	5062	174.86	11.82	3.17	10.97	21.43	13.80	39.76	1.24	34.38	10.21
4/22/2019 9:10:35 AM	8.33	0.57	2.49	0.00	0.00	0.00	0.00	0.47	11.39	100.00	2.56	14.61	4417	566	1120	0	0	0	0	0	6103	175.54	12.97	3.37	13.52	21.27	15.08	41.27	1.25	34.43	10.21
4/22/2019 9:10:38 AM	8.55	0.14	1.91	0.39	0.00	0.00	0.00	0.49	11.00	99.74	2.65	14.68	4532	140	861	12	0	0	0	0	5545	173.85	12.66	3.18	12.03	21.17	14.52	41.17	1.26	34.44	10.19
4/22/2019 9:10:40 AM	8.50	0.34	2.43	0.00	0.00	0.00	0.00	0.50	11.27	100.00	2.72	14.80	4507	342	1093	0	0	0	0	0	5942	174.55	12.80	3.80	12.86	21.61	13.87	41.76	1.27	34.42	10.19
4/22/2019 9:10:43 AM	9.31	0.00	0.63	0.66	0.00	0.00	0.00	0.72	10.60	100.00	2.81	14.77	4933	0	285	20	0	0	0	0	5238	175.40	11.22	4.56	11.57	22.80	13.76	41.08	1.27	34.44	10.21
4/22/2019 9:10:45 AM	8.75	0.00	1.21	0.77	0.00	0.00	0.00	0.62	10.73	100.00	2.88	14.69	4636	0	546	23	0	0	0	0	5205	175.37	12.53	3.17	11.70	22.20	15.02	41.43	1.28	34.44	10.21
4/22/2019 9:10:47 AM	8.51	0.01	1.47	0.70	0.00	0.00	0.00	0.64	10.68	100.00	2.94	14.73	4508	6	660	21	0	0	0	0	5195	175.00	12.78	4.17	12.06	22.39	14.27	41.62	1.29	34.47	10.21
4/22/2019 9:10:50 AM	8.86	0.07	1.33	0.64	0.00	0.00	0.00	0.58	10.89	100.00	3.00	14.69	4693	73	597	19	0	0	0	0	5383	174.71	12.43	2.76	11.81	21.89	15.21	41.36	1.29	34.45	10.22
4/22/2019 9:10:52 AM	8.32	0.41	1.96	0.04	0.00	0.00	0.00	0.78	10.74	100.00	3.04	14.64	4412	412	883	1	0	0	0	0	5709	175.25	12.46	4.13	12.87	23.54	13.67	41.55	1.30	34.48	10.23
4/22/2019 9:10:54 AM	8.82	0.58	1.77	0.00	0.00	0.00	0.00	0.60	11.16	100.00	3.11	14.74	4674	576	795	0	0	0	0	0	6044	175.13	11.91	2.85	13.20	22.12	14.99	40.73	1.30	34.48	10.21
4/22/2019 9:10:57 AM	8.81	0.37	1.92	0.00	0.00	0.00	0.00	0.63	11.10	99.83	3.17	14.88	4671	371	863	0	0	0	0	0	5906	174.00	12.22	2.64	12.70	22.55	14.07	41.57	1.31	34.49	10.21
4/22/2019 9:10:59 AM	8.71	0.00	1.86	0.35	0.00	0.00	0.00	0.59	10.92	100.00	3.22	14.90	4614	0	837	11	0	0	0	0	5462	174.66	12.64	3.05	11.31	22.14	13.99	42.06	1.32	34.50	10.23
4/22/2019 9:11:02 AM	8.88	0.35	2.16	0.00	0.00	0.00	0.00	0.52	11.39	100.00	3.29	14.91	4708	346	973	0	0	0	0	0	6027	175.04	12.45	3.41	12.77	21.88	14.16	41.95	1.32	34.50	10.22
4/22/2019 9:11:04 AM	8.59	0.00	1.23	0.78	0.00	0.00	0.00	0.65	10.61	100.00	3.38	14.81	4554	0	555	23	0	0	0	0	5133	175.45	12.55	3.81	11.73	22.31	14.72	41.34	1.33	34.49	10.21
4/22/2019 9:11:06 AM	8.42	0.31	2.39	0.00	0.00	0.00	0.00	0.65	11.11	100.00	3.46	14.65	4460	308	1073	0	0	0	0	0	5842	175.07	13.02	3.41	12.55	22.88	13.87	42.44	1.34	34.50	10.23
4/22/2019 9:11:09 AM	9.14	0.22	1.79	0.43	0.00	0.00	0.00	0.55	11.57	100.00	3.53	14.38	4846	217	804	13	0	0	0	0	5880	175.40	13.02	4.07	13.15	22.63	14.97	43.25	1.35	34.50	10.22
4/22/2019 9:11:11 AM	8.59	0.35	2.21	0.55	0.00	0.00	0.00	0.63	11.70	100.00	3.61	13.82	4551	351	995	17	0	0	0	0	5914	174.90	14.42	4.40	14.00	23.67	16.14	44.55	1.35	34.49	10.22
4/22/2019 9:11:13 AM	9.33	0.38	1.86	0.34	0.00	0.00	0.00	0.62	11.90	100.00	3.71	12.61	4942	379	835	10	0	0	0	0	6166	176.02	13.34	4.05	13.87	23.68	15.66	44.36	1.36	34.51	10.23
4/22/2019 9:11:16 AM	8.67	0.53	1.93	0.35	0.00	0.00	0.00	0.45	11.48	100.00	3.80	11.43	4596	527	867	11	0	0	0	0	6000	177.22	12.87	3.38	13.73	21.21	16.16	41.29	1.37	34.50	10.23
4/22/2019 9:11:18 AM	8.71	0.44	1.71	0.50	0.00	0.00	0.00	0.45	11.37	100.00	3.88	11.29	4619	443	770	15	0	0	0	0	5846	177.52	12.78	3.35	13.50	21.07	16.25	41.09	1.38	34.51	10.24
4/22/2019 9:11:21 AM	8.27	0.64	2.24	0.01	0.00	0.00	0.00	0.48	11.17	100.00	4.00	11.07	4385	643	1010	0	0	0	0	0	6038	177.21	12.46	3.52	13.63	20.95	15.07	40.15	1.39	34.49	10.22
4/22/2019 9:11:23 AM	8.10	0.58	1.80	0.31	0.00	0.00	0.00	0.48	10.79	100.00	4.10	10.69	4294	582	808	9	0	0	0	0	5694	177.25	12.17	3.77	13.50	20.43	15.31	38.94	1.40	34.49	10.25
4/22/2019 9:11:25 AM	8.67	0.63	1.69	0.21	0.00	0.00	0.00	0.41	11.20	100.00	4.13	10.74	4593	634	762	6	0	0	0	0	5995	178.21	11.78	3.83	13.88	20.19	15.36	39.28	1.40	34.45	10.24
4/22/2019 9:11:28 AM	8.43	0.38	1.20	0.56	0.00	0.00	0.00	0.49	10.57	100.00	4.17	11.03	4466	382	541	17	0	0	0	0	5406	178.91	11.59	3.35	12.70	20.24	15.29	38.44	1.41	34.44	10.25
4/22/2019 9:11:30 AM	8.22	0.52	1.25	0.43	0.00	0.00	0.00	0.48	10.41	100.00	4.22	11.35	4354	516	562	13	0	0	0	0	5446	178.63	11.27	3.48	12.96	19.86	15.10	37.43	1.41	34.44	10.25
4/22/2019 9:11:32 AM	8.70	0.62	1.16	0.27	0.00	0.00	0.00	0.42	10.75	100.00	4.29	11.58	4612	616	522	8	0	0	0	0	5758	177.99	10.77	3.24	13.27	19.57	15.24	37.44	1.42	34.42	10.24
4/22/2019 9:11:35 AM	8.23	0.34	0.97	0.60	0.00	0.00	0.00	0.41	10.14	100.00	4.34	11.38	4364	337	437	18	0	0	0	0	5155	179.00	10.81	3.25	12.17	18.84	14.77	36.37	1.43	34.41	10.25
4/22/2019 9:11:37 AM	8.24	0.64	1.54	0.00	0.00	0.00	0.00	0.41	10.42	100.00	4.39	11.38	4368	640	693	0	0	0	0	0	5700	178.77	10.55	3.28	13.08	18.99	13.88	36.35	1.43	34.40	10.25
4/22/2019 9:11:40 AM	8.26	0.59	1.15	0.27	0.00	0.00	0.00	0.41	10.27	100.00	4.46	11.65	4380	586	518	8	0	0	0	0	5492	178.99	10.42	3.36	12.85	18.75	14.60	35.86	1.44	34.36	10.24
4/22/2019 9:11:42 AM	8.73	0.47	0.99	0.31	0.00	0.00	0.00	0.34	10.51	100.00	4.54	11.55	4627	473	447	9	0	0	0	0	5556	178.99	10.17	3.41	12.68	18.48	14.39	36.29	1.44	34.36	10.24
4/22/2019 9:11:44 AM	8.04	0.57	0.63	0.40	0.00	0.00	0.00	0.42	9.63	100.00	4.63	11.19	4261	568	282	12	0	0	0	0	5123	179.66	9.43	3.62	12.49	17.93	14.06	33.52	1.45	34.36	10.26
4/22/2019 9:11:47 AM	7.32	0.56	0.84	0.29	0.00	0.00	0.00	0.41	9.01	100.00	4.70	10.97	3878	564	379	9	0	0	0	0	4829	179.67	9.17	3.03	11.66	16.96	13.47	31.58	1.46	34.33	10.23
4/22/2019 9:11:49 AM	7.00	0.45	0.51	0.52	0.00	0.00	0.00	0.36	8.48	100.00	4.78	10.49	3712	448	230	15	0	0	0	0	4405	180.18	8.68	2.83	10.96	15.68	13.34	29.63	1.47	34.30	10.25
4/22/2019 9:11:51 AM	6.63	0.46	0.49	0.33	0.00	0.00	0.00	0.38	7.91	100.00	4.83	10.24	3514	460	222	10	0	0	0	0	4206	179.65	7.86	2.83	10.38	14.99	12.14	27.68	1.47	34.29	10.26
4/22/2019 9:11:54 AM	6.06	0.73	0.89	0.01	0.00	0.00	0.00	0.38	7.70	100.00	4.90	10.48	3212	729	402	0	0	0	0	0	4344	180.37	7.72	2.83	10.82	14.59	11.93	26.37	1.48	34.26	10.25
4/22/2019 9:11:56 AM	6.72	0.66	0.40	0.16	0.00	0.00	0.00	0.32	7.94	100.00	4.99	10.56	3562	663	180	5	0	0	0	0	4410	180.06	7.17	2.71	10.85	14.20	12.29	26.40	1.49	34.24	10.25
4/22/2019 9:11:59 AM	6.38	0.39	0.00	0.52	0.00	0.00	0.00	0.44	7.30	100.00	5.05	10.71	3382	392	0	16	0	0	0	0	3790	180.23	7.23	2.87	9.85	14.76	11.93	26.07	1.49	34.21	10.24
4/22/2019 9:12:01 AM	6.02	0.60	0.55	0.10	0.00	0.00	0.00	0.36	7.28	100.00	5.14	10.54	3193	601	248	3	0	0	0	0	4045	180.50	7.00	2.47	9.99	13.76	11.44	24.90	1.50	34.19	10.25
4/22/2019 9:12:03 AM	5.74	0.69	0.58	0.00	0.00	0.00	0.00	0.31	7.01	100.00	5.18	10.21	3042	694	261	0	0	0	0	0	3997	180.56	6.55	2.20	9.99	12.77	11.16	23.29	1.51	34.17	10.26
4/22/2019 9:12:06 AM	5.63	0.54	0.34	0.15	0.00	0.00	0.00	0.39	6.66	100.00	5.26	10.18	2986	542	151	4	0	0	0	0	3684	180.82	6.43	2.39	9.33	13.16	10.81	23.11	1.52	34.15	10.23
4/22/2019 9:12:08 AM	5.52	0.47	0.00	0.41	0.00	0.00	0.00	0.34	6.39	100.00	5.37	9.86	2923	469	0	12	0	0	0	0	3404	180.83	6.13	2.67	9.16	12.35	10.96	21.99	1.53	34.11	10.24
4/22/2019 9:12:10 AM	5.08	0.50	0.01	0.34	0.00	0.00	0.00	0.38	5.94	100.00	5.40	9.58	2693	501	5	10	0	0	0	0	3209	180.77	5.86	2.53	8.85	12.01	10.50	20.65	1.53	34.08	10.24
4/22/2019 9:12:13 AM	5.23	0.61	0.40	0.01	0.00	0.00	0.00	0.32	6.26	100.00	5.48	9.87	2773	613	181	0	0	0	0	0	3568	181.03	5.82	1.95	8.92	11.86	10.39	21.01	1.54	34.05	10.23
4/22/2019 9:12:15 AM	4.90	0.53	0.24	0.18	0.00	0.00	0.00	0.33	5.85	100.00	5.58	9.89	2597	533	106	5	0	0	0	0	3242	180.81	5.70	2.15	8.57	11.45	10.17	20.01	1.55	34.03	10.23
4/22/2019 9:12:18 AM	4.90	0.57	0.16	0.16	0.00	0.00	0.00	0.33	5.79	100.00	5.67	9.79	2596	571	74	5	0	0	0	0	3245	181.04	5.49	1.99	8.56	11.26	10.25	19.58	1.56	33.99	10.26
4/22/2019 9:12:20 AM	4.45	0.50	0.05	0.32	0.00	0.00	0.00	0.32	5.31	100.00	5.82	9.49	2356	504	21	10	0	0	0	0	2891	180.77	5.37	2.18	8.19	10.58	10.00	18.23	1.57	33.94	10.23
4/22/2019 9:12:22 AM	4.26	0.61	0.08	0.22	0.00	0.00	0.00	0.33	5.16	100.00	5.88	9.08	2258	607	36	7	0	0	0	0	2907	181.68	5.12	2.25	8.35	10.35	9.85	17.44	1.58	33.92	10.23
4/22/2019 9:12:25 AM	4.40	0.55	0.00	0.26	0.00	0.00	0.00	0.33	5.21	100.00	6.00	9.18	2330	555	0	8	0	0	0	0	2893	181.11	5.04	2.13	8.13	10.48	10.00	17.72	1.59	33.90	10.24
4/22/2019 9:12:27 AM	4.20	0.62	0.19	0.07	0.00	0.00	0.00	0.29	5.09	100.00	6.13	9.16	2227	625	88	2	0	0	0	0	2941	181.17	4.84	1.88	8.06	9.85	9.53	16.84	1.60	33.85	10.22
4/22/2019 9:12:29 AM	4.05	0.64	0.22	0.09	0.00	0.00	0.00	0.35	4.99	100.00	6.26	9.23	2144	639	98	3	0	0	0	0	2884	181.13	5.02	1.83	8.05	10.31	9.64	16.99	1.61	33.80	10.21
4/22/2019 9:12:32 AM	3.99	0.55	0.18	0.18	0.00	0.00	0.00	0.31	4.91	100.00	6.34	9.19	2117	551	83	5	0	0	0	0	2756	181.18	4.99	1.94	7.80	9.79	9.45	16.66	1.62	33.76	10.23
4/22/2019 9:12:34 AM	3.61	0.59	0.34	0.12	0.00	0.00	0.00	0.33	4.66	100.00	6.38	9.13	1914	589	155	4	0	0	0	0	2661	181.57	5.06	1.87	7.67	9.70	9.27	16.09	1.63	33.72	10.23
4/22/2019 9:12:37 AM	3.76	0.53	0.17	0.22	0.00	0.00	0.00	0.30	4.68	100.00	6.46	9.18	1995	532	76	6	0	0	0	0	2609	181.64	4.91	1.94	7.59	9.47	9.29	15.99	1.63	33.68	10.21
4/22/2019 9:12:39 AM	3.98	0.58	0.18	0.19	0.00	0.00	0.00	0.28	4.93	100.00	6.50	9.24	2110	578	79	6	0	0	0	0	2773	181.12	4.96	2.07	7.97	9.58	9.53	16.47	1.64	33.64	10.21
4/22/2019 9:12:41 AM	3.89	0.50	0.00	0.30	0.00	0.00	0.00	0.34	4.69	100.00	6.60	9.20	2061	497	0	9	0	0	0	0	2567	181.56	4.88	2.10	7.60	9.84	9.40	16.30	1.65	33.59	10.19
4/22/2019 9:12:44 AM	3.67	0.65	0.36	0.03	0.00	0.00	0.00	0.34	4.70	100.00	6.64	9.09	1943	649	161	1	0	0	0	0	2754	181.40	4.90	1.82	7.79	9.77	9.21	16.01	1.65	33.57	10.20
4/22/2019 9:12:46 AM	3.90	0.47	0.00	0.29	0.00	0.00	0.00	0.30	4.66	100.00	6.73	9.13	2067	475	0	9	0	0	0	0	2550	181.28	4.73	2.04	7.47	9.40	9.23	15.94	1.66	33.52	10.21
4/22/2019 9:12:48 AM	3.72	0.53	0.11	0.20	0.00	0.00	0.00	0.33	4.56	100.00	6.79	9.11	1973	527	51	6	0	0	0	0	2557	181.74	4.76	1.82	7.43	9.52	9.17	15.72	1.67	33.46	10.21
4/22/2019 9:12:51 AM	3.39	0.60	0.23	0.10	0.00	0.00	0.00	0.32	4.32	100.00	6.89	8.85	1798	598	104	3	0	0	0	0	2503	181.46	4.56	1.91	7.42	9.02	8.84	14.70	1.68	33.43	10.18
4/22/2019 9:12:53 AM	3.72	0.52	0.00	0.20	0.00	0.00	0.00	0.31	4.44	100.00	6.93	8.72	1970	522	0	6	0	0	0	0	2498	181.64	4.44	1.91	7.34	9.19	8.95	15.12	1.68	33.39	10.19
4/22/2019 9:12:56 AM	3.59	0.56	0.00	0.21	0.00	0.00	0.00	0.33	4.36	100.00	7.01	8.85	1904	562	0	6	0	0	0	0	2472	181.27	4.47	1.83	7.38	9.22	9.13	14.90	1.69	33.34	10.17
4/22/2019 9:12:58 AM	3.61	0.54	0.00	0.21	0.00	0.00	0.00	0.32	4.35	100.00	7.09	8.90	1912	537	0	6	0	0	0	0	2455	181.35	4.40	1.86	7.29	9.07	9.00	14.81	1.69	33.28	10.17
4/22/2019 9:13:00 AM	3.54	0.63	0.19	0.07	0.00	0.00	0.00	0.31	4.43	100.00	7.18	8.99	1874	627	86	2	0	0	0	0	2590	181.58	4.48	1.93	7.58	9.11	8.91	14.85	1.70	33.23	10.17
4/22/2019 9:13:03 AM	3.85	0.60	0.12	0.06	0.00	0.00	0.00	0.33	4.63	100.00	7.22	9.14	2042	600	55	2	0	0	0	0	2698	181.48	4.47	1.81	7.59	9.51	9.00	15.58	1.71	33.20	10.17
4/22/2019 9:13:05 AM	3.74	0.65	0.25	0.00	0.00	0.00	0.00	0.30	4.63	100.00	7.28	9.22	1981	646	113	0	0	0	0	0	2740	181.17	4.50	1.90	7.81	9.25	8.82	15.33	1.71	33.13	10.17
4/22/2019 9:13:07 AM	3.69	0.57	0.16	0.14	0.00	0.00	0.00	0.30	4.55	100.00	7.35	9.32	1954	572	71	4	0	0	0	0	2600	181.11	4.58	2.07	7.60	9.14	8.94	15.29	1.72	33.10	10.15
4/22/2019 9:13:10 AM	3.71	0.51	0.00	0.17	0.00	0.00	0.00	0.31	4.39	100.00	7.41	9.30	1968	509	0	5	0	0	0	0	2481	181.35	4.28	1.91	7.19	9.05	8.74	14.90	1.73	33.06	10.17
4/22/2019 9:13:12 AM	3.52	0.65	0.16	0.00	0.00	0.00	0.00	0.30	4.34	100.00	7.49	9.20	1867	653	72	0	0	0	0	0	2592	181.41	4.17	1.67	7.45	8.80	8.73	14.25	1.73	33.01	10.15
4/22/2019 9:13:15 AM	3.43	0.63	0.28	0.00	0.00	0.00	0.00	0.30	4.34	100.00	7.54	9.15	1818	630	127	0	0	0	0	0	2575	181.54	4.38	1.82	7.41	8.88	8.63	14.50	1.74	32.93	10.15
4/22/2019 9:13:17 AM	3.50	0.57	0.02	0.12	0.00	0.00	0.00	0.32	4.21	100.00	7.67	9.04	1853	573	8	4	0	0	0	0	2438	181.49	4.17	1.83	7.23	8.86	8.67	14.20	1.75	32.87	10.14
4/22/2019 9:13:19 AM	3.46	0.57	0.18	0.04	0.00	0.00	0.00	0.28	4.25	100.00	7.72	8.74	1833	574	79	1	0	0	0	0	2488	181.19	4.16	1.80	7.16	8.50	8.45	14.08	1.76	32.84	10.14
4/22/2019 9:13:22 AM	3.39	0.60	0.16	0.06	0.00	0.00	0.00	0.33	4.21	100.00	7.79	8.65	1798	601	72	2	0	0	0	0	2472	181.33	4.27	1.77	7.24	8.92	8.62	14.25	1.76	32.80	10.12
4/22/2019 9:13:24 AM	3.30	0.61	0.28	0.00	0.00	0.00	0.00	0.29	4.20	100.00	7.90	8.52	1750	613	126	0	0	0	0	0	2489	181.66	4.26	1.76	7.24	8.57	8.43	13.99	1.77	32.75	10.11
4/22/2019 9:13:27 AM	3.45	0.61	0.10	0.02	0.00	0.00	0.00	0.31	4.18	100.00	7.99	8.44	1830	606	43	1	0	0	0	0	2479	181.63	4.01	1.91	7.25	8.72	8.35	13.92	1.78	32.69	10.12
4/22/2019 9:13:29 AM	3.41	0.60	0.19	0.00	0.00	0.00	0.00	0.31	4.20	100.00	8.06	8.45	1807	605	85	0	0	0	0	0	2496	181.47	4.16	1.59	7.12	8.77	8.52	14.09	1.79	32.64	10.10
4/22/2019 9:13:31 AM	3.30	0.55	0.11	0.10	0.00	0.00	0.00	0.31	4.06	100.00	8.15	8.39	1747	545	50	3	0	0	0	0	2346	181.11	4.18	1.76	6.97	8.62	8.42	13.83	1.80	32.56	10.12
4/22/2019 9:13:34 AM	3.50	0.63	0.20	0.00	0.00	0.00	0.00	0.30	4.33	100.00	8.22	8.42	1853	633	89	0	0	0	0	0	2575	181.39	4.22	1.73	7.39	8.79	8.63	14.31	1.81	32.54	10.09
4/22/2019 9:13:36 AM	3.45	0.52	0.00	0.14	0.00	0.00	0.00	0.31	4.12	100.00	8.29	8.48	1828	524	0	4	0	0	0	0	2357	181.50	4.09	1.73	6.96	8.66	8.52	13.97	1.81	32.47	10.10
4/22/2019 9:13:38 AM	3.48	0.60	0.13	0.04	0.00	0.00	0.00	0.33	4.25	100.00	8.36	8.57	1843	603	59	1	0	0	0	0	2505	181.62	4.23	1.74	7.25	9.05	8.61	14.39	1.82	32.40	10.06
4/22/2019 9:13:41 AM	3.39	0.64	0.19	0.00	0.00	0.00	0.00	0.30	4.21	100.00	8.46	8.82	1796	640	84	0	0	0	0	0	2519	181.41	4.11	1.84	7.38	8.59	8.46	13.89	1.83	32.36	10.06
4/22/2019 9:13:43 AM	3.30	0.58	0.21	0.03	0.00	0.00	0.00	0.31	4.12	100.00	8.57	8.66	1747	580	93	1	0	0	0	0	2421	181.28	4.19	1.67	7.03	8.59	8.42	13.88	1.84	32.31	10.07
4/22/2019 9:13:46 AM	3.39	0.57	0.17	0.01	0.00	0.00	0.00	0.30	4.15	100.00	8.68	8.48	1796	571	78	0	0	0	0	0	2446	181.52	4.09	1.62	6.98	8.60	8.36	13.92	1.85	32.24	10.07
4/22/2019 9:13:48 AM	3.48	0.59	0.13	0.05	0.00	0.00	0.00	0.29	4.24	100.00	8.76	8.56	1843	588	57	2	0	0	0	0	2490	180.91	4.13	1.75	7.20	8.60	8.55	14.08	1.86	32.20	10.08
4/22/2019 9:13:50 AM	3.44	0.58	0.08	0.03	0.00	0.00	0.00	0.30	4.14	100.00	8.87	8.44	1825	584	38	1	0	0	0	0	2448	181.40	3.95	1.72	7.07	8.54	8.36	13.75	1.87	32.15	10.04
4/22/2019 9:13:53 AM	3.59	0.61	0.12	0.03	0.00	0.00	0.00	0.31	4.34	100.00	8.95	8.36	1901	606	54	1	0	0	0	0	2562	181.12	4.17	1.78	7.33	8.90	8.62	14.44	1.88	32.08	10.03
4/22/2019 9:13:55 AM	3.74	0.61	0.21	0.00	0.00	0.00	0.00	0.28	4.55	100.00	9.05	8.33	1981	608	94	0	0	0	0	0	2683	180.96	4.32	1.72	7.45	8.95	8.76	14.98	1.89	32.02	10.03
4/22/2019 9:13:57 AM	3.94	0.58	0.10	0.04	0.00	0.00	0.00	0.29	4.65	100.00	9.17	8.28	2086	577	45	1	0	0	0	0	2709	180.38	4.29	1.78	7.48	9.14	8.83	15.35	1.90	31.98	10.00
4/22/2019 9:14:00 AM	3.66	0.63	0.24	0.00	0.00	0.00	0.00	0.31	4.53	100.00	9.21	8.35	1940	627	109	0	0	0	0	0	2676	180.85	4.43	1.83	7.57	9.16	8.75	15.08	1.90	31.94	10.00
4/22/2019 9:14:02 AM	3.77	0.62	0.14	0.00	0.00	0.00	0.00	0.32	4.52	100.00	9.31	8.49	1996	621	61	0	0	0	0	0	2679	180.72	4.26	1.82	7.53	9.26	8.72	15.06	1.91	31.86	10.02
4/22/2019 9:14:05 AM	3.60	0.58	0.12	0.07	0.00	0.00	0.00	0.29	4.36	100.00	9.36	8.46	1908	583	52	2	0	0	0	0	2544	180.82	4.22	1.81	7.31	8.80	8.67	14.50	1.92	31.80	10.00
4/22/2019 9:14:07 AM	3.79	0.57	0.11	0.07	0.00	0.00	0.00	0.31	4.53	100.00	9.46	8.43	2006	567	51	2	0	0	0	0	2627	180.68	4.37	1.82	7.40	9.25	8.79	15.24	1.93	31.74	9.98
4/22/2019 9:14:09 AM	3.89	0.62	0.08	0.00	0.00	0.00	0.00	0.33	4.59	100.00	9.52	8.57	2062	619	35	0	0	0	0	0	2716	180.92	4.22	1.74	7.58	9.41	8.75	15.26	1.93	31.71	10.00
4/22/2019 9:14:12 AM	3.81	0.53	0.03	0.09	0.00	0.00	0.00	0.31	4.46	100.00	9.57	8.56	2018	527	13	3	0	0	0	0	2561	180.74	4.22	1.76	7.21	9.10	8.66	15.01	1.94	31.63	9.97
4/22/2019 9:14:14 AM	3.43	0.54	0.03	0.08	0.00	0.00	0.00	0.32	4.08	100.00	9.63	8.41	1817	544	13	2	0	0	0	0	2377	180.70	4.01	1.65	6.92	8.71	8.39	13.86	1.94	31.58	9.96
4/22/2019 9:14:16 AM	3.75	0.60	0.06	0.05	0.00	0.00	0.00	0.31	4.46	100.00	9.72	8.32	1989	595	25	2	0	0	0	0	2610	180.55	4.18	1.77	7.40	9.07	8.76	14.80	1.95	31.50	9.94
4/22/2019 9:14:19 AM	3.77	0.63	0.17	0.00	0.00	0.00	0.00	0.31	4.57	100.00	9.81	8.25	1997	633	77	0	0	0	0	0	2707	180.53	4.34	1.83	7.64	9.25	8.77	15.16	1.96	31.47	9.94
4/22/2019 9:14:21 AM	3.46	0.58	0.11	0.03	0.00	0.00	0.00	0.30	4.18	100.00	9.93	8.19	1835	582	47	1	0	0	0	0	2465	180.45	4.04	1.74	7.12	8.62	8.41	13.94	1.97	31.39	9.94
4/22/2019 9:14:24 AM	3.92	0.61	0.07	0.04	0.00	0.00	0.00	0.30	4.64	100.00	10.04	8.16	2078	614	30	1	0	0	0	0	2723	180.44	4.26	1.84	7.62	9.24	8.91	15.28	1.98	31.36	9.92
4/22/2019 9:14:26 AM	3.92	0.59	0.01	0.06	0.00	0.00	0.00	0.32	4.58	100.00	10.14	8.25	2078	590	4	2	0	0	0	0	2674	180.21	4.21	1.78	7.49	9.31	8.86	15.22	1.99	31.28	9.91
4/22/2019 9:14:28 AM	3.97	0.65	0.10	0.00	0.00	0.00	0.00	0.33	4.72	100.00	10.23	8.21	2107	645	45	0	0	0	0	0	2797	180.14	4.34	1.93	7.81	9.62	8.92	15.66	2.00	31.25	9.93
4/22/2019 9:14:31 AM	4.23	0.65	0.13	0.00	0.00	0.00	0.00	0.32	5.01	100.00	10.33	8.18	2244	647	59	0	0	0	0	0	2950	180.03	4.56	1.96	8.06	9.98	9.19	16.58	2.01	31.20	9.91
4/22/2019 9:14:33 AM	4.28	0.67	0.14	0.00	0.00	0.00	0.00	0.31	5.09	100.00	10.43	8.23	2267	674	62	0	0	0	0	0	3003	179.95	4.59	1.93	8.25	9.92	9.31	16.64	2.02	31.14	9.91
4/22/2019 9:14:35 AM	4.30	0.63	0.14	0.01	0.00	0.00	0.00	0.32	5.07	100.00	10.52	8.20	2280	627	62	0	0	0	0	0	2970	179.78	4.61	1.88	8.00	10.04	9.26	16.82	2.03	31.07	9.90
4/22/2019 9:14:38 AM	4.49	0.60	0.10	0.04	0.00	0.00	0.00	0.30	5.23	100.00	10.60	8.14	2378	602	45	1	0	0	0	0	3026	179.43	4.68	1.97	8.09	10.11	9.36	17.26	2.04	31.03	9.89
4/22/2019 9:14:40 AM	4.33	0.62	0.11	0.04	0.00	0.00	0.00	0.32	5.10	100.00	10.72	8.25	2297	619	47	1	0	0	0	0	2965	179.18	4.64	1.93	8.04	10.05	9.34	16.89	2.05	30.94	9.88
4/22/2019 9:14:43 AM	4.26	0.61	0.07	0.07	0.00	0.00	0.00	0.33	5.01	100.00	10.82	8.21	2260	605	33	2	0	0	0	0	2901	177.81	4.64	1.93	7.96	10.07	9.32	16.76	2.06	30.90	9.85
